160	804.67	47649
168	801.13	47769
176	800.55	47890
184	800.95	48010
192	799.70	48131
200	798.57	48251
208	798.08	48371
216	798.30	48492
224	796.92	48613
232	796.13	48733
240	796.22	48854
248	795.86	48973
256	793.94	49094
264	792.84	49215
272	793.60	49335
280	792.35	49456
288	791.31	49575
296	790.52	49696
304	790.19	49816
312	789.15	49937
320	787.75	50058
328	787.78	50178
336	787.38	50298
344	785.64	50418
352	784.73	50539
360	784.73	50659
368	783.69	50780
376	782.62	50896
384	782.26	51017
392	782.29	51138
400	781.07	51258
408	779.88	51379
416	779.61	51499
424	779.30	51619
432	778.20	51740
440	776.89	51860
448	776.71	51981
456	776.37	52101
464	774.91	52221
472	773.97	52342
480	773.97	52462
488	774.06	52583
496	773.02	52703
504	771.44	52824
512	771.86	52943
520	771.01	53064
528	769.73	53185
536	769.58	53305
544	769.67	53426
552	768.87	53545
560	767.56	53666
568	767.72	53786
576	767.38	53907
584	766.28	54028
592	764.97	54148
600	765.09	54268
608	764.76	54388
616	763.57	54509
624	762.47	54630
632	762.66	54750
640	762.20	54871
648	760.80	54990
656	760.22	55111
664	760.34	55231
672	759.67	55352
680	758.30	55473
688	757.81	55592
696	758.11	55713
704	757.44	55834
712	756.16	55954
720	755.86	56075
728	756.10	56195
736	755.00	56315
744	753.94	56436
752	753.69	56556
760	753.72	56677
768	752.75	56797
776	751.68	56918
784	751.77	57037
792	751.62	57158
800	750.64	57279
808	749.76	57399
816	749.76	57520
824	749.55	57636
832	748.27	57757
840	747.38	57877
848	747.23	57998
856	747.20	58118
864	746.31	58238
872	745.03	58359
880	745.34	58479
888	745.03	58600
896	743.87	58720
904	742.81	58841
912	743.30	58960
920	743.11	59081
928	741.89	59202
936	741.04	59322
944	741.47	59443
952	740.83	59564
960	739.58	59683
968	738.81	59804
976	739.27	59924
984	738.81	60045
992	737.56	60166
1000	736.74	60285
1008	736.86	60406
1016	736.56	60526
1024	735.34	60647
1032	734.55	60768
1040	734.70	60888
1048	734.58	61008
1056	733.27	61128
1064	732.66	61249
1072	732.96	61370
1080	732.59	61490
1088	731.59	61611
1096	731.01	61731
1104	730.09	61851
1112	731.07	61972
1120	729.91	62092
1128	728.66	62213
1136	728.97	62332
1144	728.23	62453
1152	727.17	62574
1160	726.59	62694
1168	726.89	62815
1176	726.86	62936
1184	727.47	63055
1192	725.49	63176
1200	725.95	63296
1208	723.91	63417
1216	722.90	63538
1224	722.02	63654
1232	722.32	63774
1240	721.80	63895
1248	720.00	64016
1256	719.21	64136
1264	718.97	64257
1272	718.63	64376
1280	717.05	64497
1288	716.22	64617
1296	716.04	64738
1304	715.70	64858
1312	714.24	64978
1320	713.11	65099
1328	713.08	65219
1336	712.56	65340
1344	711.07	65460
1352	709.79	65581
1360	709.45	65704
1368	709.21	65827
1376	707.99	65951
1384	706.65	66075
1392	706.50	66199
1400	706.53	66323
1408	705.43	66444
1416	704.15	66568
1424	704.09	66692
1432	703.94	66814
1440	702.99	66938
1448	702.02	67062
1456	701.50	67186
1464	701.77	67310
1472	701.16	67434
1480	699.91	67558
1488	699.82	67682
1496	699.88	67806
1504	698.87	67930
1512	697.78	68054
1520	697.69	68177
1528	697.53	68301
1536	696.83	68425
1544	695.77	68545
1552	695.28	68669
1560	695.43	68793
1568	694.97	68917
1576	694.09	69041
1584	693.27	69165
1592	693.63	69287
1600	693.05	69411
1608	691.77	69535
1616	690.98	69659
1624	691.47	69783
1632	691.01	69907
1640	689.79	70031
1648	688.87	70155
1656	688.84	70279
1664	688.81	70403
1672	687.41	70526
1680	686.59	70650
1688	686.47	70773
1696	686.37	70897
1704	685.19	71021
1712	684.09	71145
1720	684.18	71266
1728	684.06	71390
1736	683.08	71514
1744	681.89	71638
1752	681.50	71760
1760	681.71	71884
1768	680.80	72008
1776	680.19	72132
1784	679.58	72256
1792	680.03	72380
1800	679.15	72504
1808	678.11	72628
1816	677.20	72752
1824	677.78	72875
1832	677.72	72998
1840	676.37	73122
1848	675.31	73246
1856	675.73	73370
1864	676.28	73494
1872	676.04	73618
1880	673.20	73742
1888	672.66	73866
1896	674.09	73989
1904	672.59	74113
1912	670.83	74236
1920	670.00	74360
1928	670.43	74484
1936	669.36	74608
1944	668.72	74732
1952	667.38	74856
1960	668.17	74979
1968	667.32	75103
1976	666.59	75227
1984	665.09	75351
1992	665.58	75474
2000	665.34	75598
2008	664.36	75722
2016	663.23	75846
2024	663.17	75970
2032	663.39	76093
2040	662.99	76217
2048	661.71	76341
2056	661.19	76465
2064	661.77	76589
2072	660.92	76712
2080	659.70	76836
2088	659.03	76960
2096	659.21	77084
2104	658.72	77207
2112	657.84	77331
2120	656.86	77455
2128	656.98	77579
2136	656.95	77703
2144	656.31	77827
2152	654.70	77950
2160	654.73	78074
2168	654.79	78198
2176	654.48	78322
2184	653.30	78446
2192	652.99	78569
2200	653.08	78693
2208	652.29	78817
2216	651.71	78938
2224	650.22	79057
2232	650.83	79178
2240	651.04	79299
2248	650.31	79419
2256	648.97	79540
2264	648.20	79660
2272	648.60	79780
2280	648.30	79900
2288	647.56	80021
2296	646.47	80142
2304	646.13	80262
2312	646.44	80382
2320	645.73	80502
2328	644.88	80623
2336	644.00	80744
2344	644.36	80864
2352	644.00	80985
2360	643.48	81104
2368	642.26	81225
2376	641.89	81346
2384	642.20	81466
2392	641.86	81587
2400	640.86	81707
2408	640.03	81827
2416	640.06	81947
2424	640.22	82068
2432	639.67	82189
2440	638.33	82309
2448	637.96	82429
2456	638.30	82549
2464	638.20	82670
2472	636.71	82791
2480	635.98	82911
2488	636.01	83032
2496	636.01	83149
2504	635.34	83270
2512	634.30	83391
2520	634.06	83511
2528	634.06	83632
2536	634.03	83752
2544	633.20	83869
2552	632.29	83989
2560	631.89	84110
2568	632.35	84230
2576	631.95	84350
2584	630.80	84471
2592	629.82	84591
2600	630.16	84712
2608	630.16	84833
2616	629.33	84953
2624	628.39	85073
2632	627.47	85193
2640	627.75	85314
2648	627.47	85435
2656	626.41	85555
2664	625.16	85676
2672	624.97	85795
2680	624.88	85916
2688	624.45	86037
2696	623.17	86157
2704	622.17	86278
2712	621.98	86397
2720	622.11	86518
2728	621.37	86639
2736	619.88	86759
2744	619.33	86877
2752	619.36	86996
2760	619.03	87117
2768	618.23	87237
2776	617.05	87358
2784	616.53	87479
2792	616.77	87599
2800	616.31	87719
2808	615.22	87839
2816	614.45	87960
2824	614.36	88080
2832	614.85	88201
2840	614.21	88322
2848	613.36	88441
2856	612.32	88562
2864	612.26	88683
2872	612.72	88803
2880	611.74	88924
2888	610.98	89043
2896	610.12	89164
2904	610.46	89284
2912	610.22	89405
2920	609.45	89526
2928	608.20	89646
2936	607.66	89766
2944	607.87	89886
2952	607.78	90007
2960	606.83	90128
2968	605.83	90248
2976	605.58	90369
2984	605.70	90488
2992	605.58	90609
3000	604.48	90730
3008	603.45	90850
3016	603.42	90971
3024	603.66	91090
3032	603.05	91211
3040	601.92	91331
3048	601.16	91452
3056	601.04	91572
3064	601.22	91693
3072	600.80	91813
3080	599.67	91933
3088	598.51	92054
3096	598.60	92174
3104	598.81	92295
3112	598.36	92416
3120	597.35	92535
3128	596.74	92653
3136	596.65	92773
3144	596.68	92894
3152	596.34	93014
3160	595.00	93134
3168	594.45	93251
3176	594.52	93372
3184	594.48	93492
3192	593.72	93613
3200	592.69	93733
3208	591.86	93853
3216	592.11	93974
3224	592.14	94094
3232	591.50	94215
3240	590.52	94336
3248	589.94	94452
3256	590.06	94572
3264	590.31	94693
3272	589.58	94814
3280	588.57	94934
3288	587.96	95054
3296	588.20	95174
3304	588.17	95295
3312	587.56	95416
3320	586.53	95536
3328	586.01	95656
3336	586.16	95776
3344	586.41	95897
3352	585.77	96018
3360	584.39	96138
3368	584.03	96259
3376	584.39	96378
3384	584.33	96499
3392	583.91	96620
3400	582.62	96740
3408	581.98	96861
3416	582.41	96980
3424	582.72	97101
3432	581.98	97222
3440	580.89	97342
3448	580.22	97463
3456	580.46	97583
3464	580.58	97703
3472	579.91	97824
3480	578.69	97944
3488	577.81	98065
3496	578.02	98185
3504	578.02	98306
3512	577.20	98426
3520	575.95	98546
3528	575.09	98667
3536	575.16	98787
3544	574.88	98908
3552	574.55	99028
3560	573.54	99148
3568	572.56	99269
3576	572.47	99390
3584	572.66	99510
3592	571.89	99631
3600	570.64	99750
3608	569.58	99871
3616	569.64	99992
3624	569.91	100112
3632	569.82	100233
3640	568.57	100354
3648	567.53	100473
3656	567.66	100594
3664	567.75	100714
3672	567.29	100835
3680	566.28	100955
3688	565.03	101075
3696	564.70	101195
3704	564.88	101316
3712	564.73	101437
3720	563.87	101557
3728	562.90	101678
3736	562.44	101797
3744	562.44	101918
3752	562.50	102038
3760	561.74	102159
3768	560.49	102280
3776	559.79	102400
3784	560.06	102520
3792	560.22	102640
3800	559.76	102761
3808	558.39	102882
3816	557.87	103002
3824	557.81	103122
3832	557.93	103242
3840	557.56	103363
3848	556.71	103483
3856	555.58	103604
3864	555.46	103725
3872	555.83	103844
3880	555.34	103965
3888	554.58	104085
3896	553.33	104206
3904	552.99	104327
3912	553.23	104446
3920	553.11	104567
3928	552.41	104687
3936	551.04	104808
3944	550.22	104928
3952	550.55	105049
3960	550.67	105168
3968	550.40	105289
3976	549.36	105410
3984	548.23	105530
3992	548.30	105651
4000	548.63	105771
4008	548.51	105891
4016	547.66	106012
4024	546.62	106132
4032	546.22	106253
4040	546.50	106373
4048	546.80	106493
4056	546.19	106614
4064	545.03	106734
4072	544.24	106855
4080	544.24	106975
4088	544.52	107096
