80	-950.40	11437
88	-940.25	11556
96	-934.73	11678
104	-930.83	11802
112	-929.03	11925
120	-927.78	12048
128	-925.46	12170
136	-923.72	12294
144	-922.50	12414
152	-921.65	12537
160	-919.27	12663
168	-1.83	12781
176	-917.47	12906
184	-915.43	13029
192	-914.24	13156
200	-1.83	13278
208	-911.19	13402
216	-909.82	13521
224	-909.06	13648
232	-907.23	13772
240	-905.34	13898
248	-904.61	14027
256	-902.66	14154
264	-901.13	14280
272	-900.55	14407
280	-898.69	14531
288	-897.23	14658
296	-895.92	14780
304	-1.83	14901
312	-1.83	15025
320	-1.83	15152
328	-1.83	15276
336	-1.83	15398
344	-886.77	15524
352	-885.83	15651
360	-1.83	15775
368	-882.63	15900
376	-881.89	16025
384	-880.37	16151
392	-878.45	16273
400	-877.66	16400
408	-876.53	16527
416	-874.61	16648
424	-1.83	16769
432	-872.26	16894
440	-1.83	17018
448	-1.83	17141
456	-1.83	17269
464	-865.49	17394
472	-863.66	17521
480	-863.51	17650
488	-861.92	17777
496	-859.82	17904
504	-858.81	18028
512	-857.02	18154
520	-1.83	18275
528	-1.83	18397
536	-1.83	18519
544	-1.83	18643
552	-848.81	18766
560	-847.69	18893
568	-845.83	19022
576	-843.20	19149
584	-842.29	19273
592	-1.83	19395
600	-1.83	19519
608	-1.83	19641
616	-1.83	19764
624	-835.64	19889
632	-833.94	20012
640	-832.90	20139
648	-831.59	20263
656	-830.10	20390
664	-1.83	20513
672	-828.81	20639
680	-1.83	20765
688	-825.19	20889
696	-824.24	21016
704	-822.90	21143
712	-821.53	21269
720	-820.31	21395
728	-1.83	21516
736	-818.14	21642
744	-1.83	21769
752	-1.83	21895
760	-815.37	22018
768	-813.81	22145
776	-812.84	22266
784	-811.77	22391
792	-1.83	22519
800	-808.57	22643
808	-808.63	22769
816	-806.99	22892
824	-805.31	23018
832	-804.12	23144
840	-1.83	23265
848	-1.83	23390
856	-1.83	23515
864	-798.66	23641
872	-797.69	23767
880	-796.19	23890
888	-794.79	24014
896	-793.72	24141
904	-1.83	24266
912	-790.80	24391
920	-790.40	24515
928	-789.12	24642
936	-1.83	24770
944	-785.98	24894
952	-785.49	25019
960	-783.69	25145
968	-782.60	25270
976	-781.59	25395
984	-780.70	25516
992	-1.83	25639
1000	-1.83	25763
1008	-777.14	25888
1016	-775.74	26010
1024	-774.27	26135
1032	-1.83	26257
1040	-772.53	26383
1048	-770.49	26510
1056	-768.66	26637
1064	-767.08	26762
1072	-765.89	26889
1080	-763.97	27014
1088	-763.20	27143
1096	-762.08	27269
1104	-760.61	27392
1112	-759.27	27517
1120	-758.45	27642
1128	-757.44	27769
1136	-755.89	27897
1144	-754.91	28020
1152	-753.72	28144
1160	-1.83	28267
1168	-1.83	28393
1176	-1.83	28514
1184	-749.55	28637
1192	-748.51	28762
1200	-1.83	28887
1208	-745.58	29010
1216	-744.45	29136
1224	-743.63	29261
1232	-1.83	29384
1240	-740.61	29510
1248	-740.06	29634
1256	-738.51	29761
1264	-737.53	29887
1272	-1.83	30009
1280	-736.07	30135
1288	-734.64	30258
1296	-733.42	30384
1304	-732.11	30509
1312	-731.65	30635
1320	-729.73	30761
1328	-728.91	30888
1336	-727.75	31014
1344	-1.83	31138
1352	-725.61	31263
1360	-724.61	31392
1368	-723.75	31517
1376	-1.83	31642
1384	-721.16	31767
1392	-720.61	31894
1400	-719.36	32020
1408	-718.72	32147
1416	-1.83	32271
1424	-716.25	32392
1432	-715.31	32517
1440	-714.30	32644
1448	-712.35	32771
1456	-711.65	32893
1464	-711.01	33021
1472	-1.83	33147
1480	-1.83	33272
1488	-708.20	33398
1496	-707.44	33523
1504	-706.56	33649
1512	-1.83	33775
1520	-703.88	33899
1528	-702.93	34026
1536	-1.83	34151
1544	-1.83	34274
1552	-699.94	34400
1560	-699.39	34525
1568	-698.60	34652
1576	-696.68	34778
1584	-696.31	34905
1592	-695.46	35030
1600	-1.83	35153
1608	-693.75	35278
1616	-692.69	35401
1624	-691.80	35528
1632	-691.19	35654
1640	-689.82	35778
1648	-689.12	35903
1656	-688.30	36027
1664	-1.83	36152
1672	-687.23	36275
1680	-685.67	36402
1688	-684.76	36525
1696	-684.06	36651
1704	-682.32	36777
1712	-681.01	36901
1720	-680.25	37025
1728	-679.79	37151
1736	-678.45	37277
1744	-677.35	37404
1752	-676.56	37529
1760	-675.74	37656
1768	-1.83	37784
1776	-673.72	37910
1784	-672.99	38035
1792	-671.99	38159
1800	-1.83	38281
1808	-669.82	38407
1816	-668.57	38531
1824	-667.78	38657
1832	-1.83	38779
1840	-1.83	38902
1848	-665.28	39028
1856	-664.49	39154
1864	-664.09	39281
1872	-663.05	39409
1880	-661.95	39536
1888	-1.83	39663
1896	-660.34	39788
1904	-659.36	39915
1912	-1.83	40039
1920	-656.25	40163
1928	-655.55	40287
1936	-655.22	40414
1944	-653.48	40537
1952	-652.60	40660
1960	-652.05	40786
1968	-651.41	40912
1976	-1.83	41039
1984	-649.82	41168
1992	-1.83	41294
2000	-648.69	41420
2008	-647.81	41547
2016	-1.83	41671
2024	-645.31	41794
2032	-644.76	41919
2040	-1.83	42043
2048	-642.81	42168
2056	-641.71	42290
2064	-640.86	42417
2072	-640.95	42544
2080	-639.97	42670
2088	-638.42	42793
2096	-637.78	42919
2104	-637.41	43046
2112	-1.83	43171
2120	-634.79	43297
2128	-634.06	43423
2136	-633.08	43547
2144	-632.44	43674
2152	-631.35	43796
2160	-629.91	43923
2168	-629.06	44048
2176	-628.05	44174
2184	-1.83	44301
2192	-625.95	44428
2200	-625.13	44553
2208	-624.36	44678
2216	-623.78	44805
2224	-622.50	44933
2232	-621.19	45060
2240	-620.19	45186
2248	-619.61	45312
2256	-618.85	45437
2264	-617.47	45563
2272	-616.22	45687
2280	-615.61	45812
2288	-614.94	45939
2296	-613.27	46066
2304	-1.83	46189
2312	-609.70	46312
2320	-609.09	46435
2328	-1.83	46558
2336	-606.56	46682
2344	-604.39	46804
2352	-603.36	46930
2360	-602.29	47057
2368	-601.19	47181
2376	-599.49	47308
2384	-598.11	47431
2392	-1.83	47555
2400	-596.86	47677
2408	-595.10	47800
2416	-593.14	47927
2424	-592.08	48053
2432	-591.47	48178
2440	-590.46	48305
2448	-589.18	48430
2456	-587.29	48557
2464	-586.59	48681
2472	-585.86	48803
2480	-585.61	48930
2488	-584.18	49057
2496	-582.78	49182
2504	-581.95	49309
2512	-581.41	49433
2520	-581.07	49559
2528	-579.36	49686
2536	-578.69	49812
2544	-577.69	49939
2552	-576.92	50064
2560	-576.65	50191
2568	-575.16	50318
2576	-574.00	50443
2584	-573.75	50570
2592	-573.11	50697
2600	-572.96	50821
2608	-571.25	50947
2616	-570.67	51074
2624	-570.00	51197
2632	-569.52	51323
2640	-568.75	51450
2648	-566.92	51577
2656	-566.19	51704
2664	-564.94	51831
2672	-564.06	51957
2680	-563.05	52084
2688	-561.65	52211
2696	-561.04	52337
2704	-560.19	52464
2712	-559.67	52591
2720	-558.85	52716
2728	-557.17	52841
2736	-556.38	52967
2744	-555.49	53093
2752	-555.13	53220
2760	-554.64	53347
2768	-553.08	53474
2776	-552.44	53601
2784	-552.05	53726
2792	-551.41	53853
2800	-551.13	53980
2808	-549.73	54107
2816	-549.03	54234
2824	-548.42	54358
2832	-547.87	54484
2840	-547.66	54611
2848	-546.38	54738
2856	-545.00	54864
2864	-544.27	54991
2872	-543.51	55118
2880	-543.42	55245
2888	-541.95	55371
2896	-540.37	55498
2904	-539.70	55625
2912	-539.33	55751
2920	-539.27	55878
2928	-537.99	56003
2936	-536.56	56130
2944	-535.89	56256
2952	-535.40	56383
2960	-534.88	56510
2968	-533.57	56636
2976	-532.41	56763
2984	-531.68	56890
2992	-531.04	57016
3000	-530.58	57143
3008	-530.10	57270
3016	-528.69	57396
3024	-527.72	57523
3032	-527.02	57649
3040	-526.80	57776
3048	-526.47	57903
3056	-525.31	58030
3064	-523.63	58156
3072	-523.27	58283
3080	-523.24	58407
3088	-522.78	58534
3096	-521.68	58660
3104	-520.19	58787
3112	-519.64	58914
3120	-518.85	59041
3128	-518.14	59167
3136	-517.78	59294
3144	-516.04	59418
3152	-514.52	59545
3160	-513.75	59672
3168	-513.08	59799
3176	-512.84	59925
3184	-511.53	60050
3192	-509.39	60177
3200	-508.69	60303
3208	-507.56	60430
3216	-507.14	60557
3224	-506.68	60683
3232	-505.16	60810
3240	-503.69	60937
3248	-503.08	61062
3256	-502.23	61188
3264	-501.95	61315
3272	-500.77	61442
3280	-499.15	61568
3288	-498.84	61694
3296	-497.66	61819
3304	-496.83	61946
3312	-496.68	62072
3320	-495.40	62194
3328	-493.91	62321
3336	-493.48	62447
3344	-492.87	62574
3352	-492.32	62701
3360	-492.11	62828
3368	-490.55	62954
3376	-489.18	63081
3384	-488.57	63208
3392	-488.27	63334
3400	-488.24	63461
3408	-487.14	63588
3416	-485.40	63714
3424	-484.67	63840
3432	-483.94	63967
3440	-483.97	64094
3448	-483.97	64221
3456	-482.81	64347
3464	-481.50	64474
3472	-480.89	64601
3480	-480.03	64728
3488	-479.97	64850
3496	-479.76	64976
3504	-478.11	65103
3512	-476.31	65230
3520	-476.47	65356
3528	-475.61	65483
3536	-475.34	65610
3544	-475.06	65740
3552	-473.72	65870
3560	-472.35	66000
3568	-472.11	66131
3576	-471.71	66262
3584	-471.22	66391
3592	-471.01	66521
3600	-469.88	66651
3608	-468.48	66782
3616	-467.56	66911
3624	-467.44	67041
3632	-466.92	67171
3640	-466.25	67299
3648	-464.91	67430
3656	-463.57	67559
3664	-463.11	67690
3672	-463.05	67819
3680	-462.69	67949
3688	-461.62	68078
3696	-460.34	68205
3704	-459.21	68335
3712	-458.51	68465
3720	-458.24	68595
3728	-458.02	68724
3736	-457.26	68852
3744	-455.67	68981
3752	-454.36	69111
3760	-453.91	69240
3768	-453.72	69369
3776	-453.36	69496
3784	-452.87	69622
3792	-451.50	69749
3800	-450.25	69876
3808	-449.85	70002
3816	-449.61	70129
3824	-449.15	70256
3832	-448.78	70383
3840	-447.47	70510
3848	-445.70	70636
3856	-445.80	70763
3864	-445.00	70887
3872	-444.45	71014
3880	-444.85	71141
3888	-443.33	71267
3896	-441.50	71394
3904	-441.19	71521
3912	-440.34	71645
3920	-440.34	71770
3928	-440.16	71897
3936	-439.61	72022
3944	-438.33	72148
3952	-437.05	72275
3960	-436.80	72401
3968	-436.53	72528
3976	-435.80	72655
3984	-435.95	72781
3992	-434.58	72908
4000	-433.14	73035
4008	-432.35	73162
4016	-431.59	73287
4024	-431.47	73413
4032	-431.53	73540
4040	-430.37	73667
4048	-428.91	73794
4056	-427.38	73921
4064	-427.26	74047
4072	-426.80	74172
4080	-425.86	74299
4088	-426.34	74426
