96	-601.42	22145
104	-601.23	22264
112	-600.20	22384
120	-600.47	22504
128	-599.13	22622
136	-597.54	22740
144	-597.15	22860
152	-596.72	22980
160	-596.48	23100
168	-595.44	23219
176	-594.04	23339
184	-593.25	23465
192	-592.54	23583
200	-592.36	23709
208	-591.08	23833
216	-589.68	23952
224	-589.04	24070
232	-588.70	24188
240	-588.25	24308
248	-586.87	24434
256	-585.56	24554
264	-584.68	24680
272	-583.76	24800
280	-583.40	24923
288	-581.78	25044
296	-580.53	25161
304	-579.74	25281
312	-579.25	25404
320	-578.76	25525
328	-577.57	25646
336	-576.23	25764
344	-575.32	25884
352	-574.62	26007
360	-574.98	26127
368	-573.92	26244
376	-572.30	26362
384	-571.63	26482
392	-571.29	26604
400	-570.96	26731
408	-569.68	26848
416	-568.18	26967
424	-567.33	27087
432	-566.60	27210
440	-566.26	27334
448	-565.23	27459
456	-563.40	27578
464	-562.91	27701
472	-562.36	27827
480	-561.54	27951
488	-560.65	28068
496	-558.98	28189
504	-558.03	28311
512	1.30	28437
520	-556.57	28563
528	-555.72	28681
536	-553.86	28808
544	-553.06	28932
552	-552.24	29058
560	-551.39	29176
568	-550.90	29298
576	-549.10	29425
584	-548.12	29547
592	-547.27	29674
600	-546.54	29797
608	-546.42	29920
616	-545.20	30047
624	-543.49	30170
632	-542.57	30292
640	-541.84	30418
648	1.30	30541
656	-541.20	30665
664	-539.80	30789
672	-539.22	30912
680	-538.76	31035
688	-538.25	31158
696	-537.24	31281
704	-535.68	31405
712	-534.92	31526
720	-534.50	31650
728	-533.95	31775
736	-533.58	31899
744	-532.57	32021
752	-531.02	32143
760	-530.26	32266
768	-529.83	32389
776	-529.47	32513
784	-528.52	32632
792	-526.75	32755
800	-526.45	32882
808	1.30	33003
816	-525.50	33129
824	-524.98	33252
832	-523.73	33375
840	-522.61	33498
848	-522.00	33622
856	-521.60	33743
864	-521.51	33867
872	-520.07	33990
880	-518.55	34114
888	-518.09	34237
896	-517.76	34361
904	-517.30	34484
912	-516.84	34605
920	-515.65	34728
928	-514.92	34851
936	-514.25	34974
944	-513.79	35100
952	-513.89	35227
960	-512.94	35350
968	-511.26	35477
976	-510.93	35603
984	-510.32	35729
992	-510.07	35856
1000	-509.37	35983
1008	-508.25	36109
1016	-507.15	36236
1024	-506.63	36363
1032	-506.08	36489
1040	-506.51	36616
1048	-505.44	36742
1056	-503.82	36869
1064	-503.70	36996
1072	1.30	37122
1080	-502.79	37249
1088	-502.39	37374
1096	-501.23	37501
1104	-499.95	37624
1112	-499.62	37748
1120	-499.71	37869
1128	-500.01	37992
1136	-499.31	38115
1144	-497.91	38242
1152	-497.33	38366
1160	-496.84	38489
1168	-496.69	38611
1176	-497.00	38735
1184	-495.87	38856
1192	-494.43	38980
1200	-493.73	39103
1208	-493.15	39227
1216	-492.61	39350
1224	-493.00	39473
1232	-491.84	39595
1240	-490.44	39718
1248	-490.44	39841
1256	-489.77	39965
1264	-489.22	40088
1272	-489.19	40211
1280	-488.03	40335
1288	-486.66	40462
1296	-486.08	40585
1304	-485.65	40707
1312	-485.44	40830
1320	-484.62	40953
1328	-483.46	41076
1336	-481.90	41199
1344	-481.36	41323
1352	-480.99	41446
1360	-480.20	41570
1368	-479.65	41693
1376	-478.40	41820
1384	-477.30	41939
1392	-476.81	42065
1400	-476.39	42189
1408	-476.20	42312
1416	-475.26	42436
1424	-474.28	42559
1432	-473.18	42682
1440	-472.48	42806
1448	-472.54	42927
1456	-471.81	43051
1464	-471.29	43173
1472	-470.26	43297
1480	-469.01	43420
1488	-468.82	43544
1496	-468.46	43665
1504	-468.22	43789
1512	-468.06	43912
1520	-466.93	44036
1528	-465.44	44158
1536	-465.23	44281
1544	-464.77	44402
1552	-464.43	44524
1560	-464.53	44651
1568	-463.28	44774
1576	-461.72	44898
1584	-461.57	45021
1592	-461.17	45144
1600	-460.72	45267
1608	-461.36	45390
1616	-460.11	45514
1624	-458.52	45634
1632	-458.46	45757
1640	-457.76	45881
1648	-457.51	46004
1656	-457.36	46127
1664	-456.39	46248
1672	-455.38	46371
1680	-454.19	46495
1688	-453.70	46618
1696	-453.52	46742
1704	-453.28	46865
1712	-453.03	46988
1720	-452.06	47112
1728	-450.53	47235
1736	-450.44	47358
1744	-450.11	47481
1752	-449.47	47601
1760	-449.74	47725
1768	-448.46	47845
1776	-447.09	47969
1784	-446.51	48092
1792	-445.75	48215
1800	-445.65	48338
1808	-445.56	48461
1816	-444.65	48585
1824	-443.67	48708
1832	-442.79	48831
1840	-442.09	48954
1848	-441.87	49075
1856	-441.20	49198
1864	-441.29	49320
1872	-439.98	49444
1880	-438.58	49567
1888	-438.22	49690
1896	-437.70	49814
1904	-437.54	49935
1912	-437.30	50058
1920	-437.03	50178
1928	-436.11	50297
1936	-434.62	50417
1944	-434.56	50540
1952	-434.04	50660
1960	-433.70	50780
1968	-433.95	50899
1976	-432.73	51019
1984	-431.60	51139
1992	-430.50	51263
2000	-430.29	51383
2008	-430.14	51504
2016	-429.50	51628
2024	-430.01	51747
2032	1.30	51870
2040	1.30	51993
2048	1.30	52116
2056	1.30	52239
2064	1.30	52363
2072	1.30	52486
2080	1.30	52609
2088	1.30	52732
2096	1.30	52855
2104	1.30	52978
2112	1.30	53106
2120	1.30	53229
2128	1.30	53352
2136	1.30	53474
2144	1.30	53597
2152	1.30	53720
2160	1.30	53843
2168	1.30	53966
2176	1.30	54089
2184	1.30	54212
2192	1.30	54340
2200	1.30	54462
2208	1.30	54585
2216	1.30	54708
2224	1.30	54829
2232	1.30	54951
2240	1.30	55074
2248	1.30	55197
2256	1.30	55319
2264	1.30	55442
2272	1.30	55565
2280	1.30	55688
2288	1.30	55811
2296	1.30	55934
2304	1.30	56057
2312	1.30	56180
2320	1.30	56303
2328	1.30	56427
2336	1.30	56550
2344	1.30	56673
2352	1.30	56796
2360	1.30	56920
2368	1.30	57042
2376	1.30	57165
2384	1.30	57288
2392	1.30	57412
2400	1.30	57535
2408	1.30	57658
2416	1.30	57781
2424	1.30	57904
2432	1.30	58027
2440	1.30	58150
2448	1.30	58273
2456	1.30	58401
2464	1.30	58524
2472	1.30	58647
2480	1.30	58771
2488	1.30	58894
2496	1.30	59017
2504	1.30	59140
2512	1.30	59267
2520	1.30	59389
2528	1.30	59512
2536	1.30	59635
2544	1.30	59759
2552	1.30	59882
2560	1.30	60005
2568	1.30	60126
2576	1.30	60250
2584	1.30	60371
2592	1.30	60495
2600	1.30	60623
2608	1.30	60746
2616	1.30	60869
2624	1.30	60997
2632	1.30	61120
2640	1.30	61243
2648	1.30	61369
2656	1.30	61493
2664	1.30	61616
2672	1.30	61739
2680	1.30	61864
2688	1.30	61987
2696	1.30	62110
2704	1.30	62230
2712	1.30	62354
2720	1.30	62477
2728	1.30	62600
2736	1.30	62721
2744	1.30	62843
2752	1.30	62965
2760	1.30	63088
2768	1.30	63211
2776	1.30	63335
2784	1.30	63458
2792	1.30	63581
2800	1.30	63705
2808	1.30	63827
2816	1.30	63950
2824	1.30	64075
2832	1.30	64201
2840	1.30	64327
2848	1.30	64454
2856	1.30	64581
2864	1.30	64707
2872	1.30	64833
2880	1.30	64960
2888	1.30	65087
2896	1.30	65213
2904	1.30	65340
2912	1.30	65466
2920	1.30	65593
2928	1.30	65716
2936	1.30	65839
2944	1.30	65961
2952	1.30	66085
2960	1.30	66208
2968	1.30	66331
2976	1.30	66455
2984	1.30	66582
2992	1.30	66705
3000	1.30	66828
3008	1.30	66951
3016	1.30	67075
3024	1.30	67197
3032	1.30	67320
3040	1.30	67443
3048	1.30	67567
3056	1.30	67686
3064	1.30	67810
3072	1.30	67933
3080	1.30	68057
3088	1.30	68179
3096	1.30	68302
3104	1.30	68424
3112	1.30	68547
3120	1.30	68670
3128	1.30	68793
3136	1.30	68916
3144	1.30	69040
3152	1.30	69159
3160	1.30	69279
3168	1.30	69401
3176	1.30	69525
3184	1.30	69648
3192	1.30	69771
3200	1.30	69893
3208	1.30	70016
3216	1.30	70138
3224	1.30	70262
3232	1.30	70385
3240	1.30	70508
3248	1.30	70631
3256	1.30	70754
3264	1.30	70874
3272	1.30	70996
3280	1.30	71120
3288	1.30	71243
3296	1.30	71366
3304	1.30	71489
3312	1.30	71612
3320	1.30	71735
3328	1.30	71859
3336	1.30	71982
3344	1.30	72104
3352	1.30	72227
3360	1.30	72351
3368	1.30	72472
3376	1.30	72595
3384	1.30	72718
3392	1.30	72841
3400	1.30	72965
3408	1.30	73088
3416	1.30	73210
3424	1.30	73333
3432	1.30	73457
3440	1.30	73580
3448	1.30	73707
3456	1.30	73831
3464	1.30	73949
3472	1.30	74076
3480	1.30	74199
3488	1.30	74321
3496	1.30	74444
3504	1.30	74564
3512	1.30	74684
3520	1.30	74804
3528	1.30	74924
3536	1.30	75043
3544	1.30	75163
3552	1.30	75283
3560	1.30	75407
3568	1.30	75530
3576	1.30	75653
3584	1.30	75776
3592	1.30	75898
3600	1.30	76021
3608	1.30	76149
3616	1.30	76272
3624	1.30	76395
3632	1.30	76519
3640	1.30	76642
3648	1.30	76765
3656	1.30	76888
3664	1.30	77011
3672	1.30	77134
3680	1.30	77256
3688	1.30	77379
3696	1.30	77503
3704	1.30	77626
3712	1.30	77749
3720	1.30	77871
3728	1.30	77993
3736	1.30	78116
3744	1.30	78238
3752	1.30	78360
3760	1.30	78482
3768	1.30	78605
3776	1.30	78728
3784	1.30	78851
3792	1.30	78973
3800	1.30	79093
3808	1.30	79217
3816	1.30	79340
3824	1.30	79463
3832	1.30	79584
3840	1.30	79708
3848	1.30	79831
3856	1.30	79953
3864	1.30	80076
3872	1.30	80200
3880	1.30	80323
3888	1.30	80451
3896	1.30	80574
3904	1.30	80700
3912	1.30	80823
3920	1.30	80946
3928	1.30	81069
3936	1.30	81191
3944	1.30	81314
3952	1.30	81438
3960	1.30	81560
3968	1.30	81684
3976	1.30	81807
3984	1.30	81930
3992	1.30	82054
4000	1.30	82174
4008	1.30	82297
4016	1.30	82420
4024	1.30	82544
4032	1.30	82667
4040	1.30	82795
4048	1.30	82918
4056	1.30	83042
4064	1.30	83165
4072	1.30	83288
4080	1.30	83410
4088	1.30	83536
