40	-722.46	65284
48	-719.87	65411
56	-719.29	65537
64	-718.99	65667
72	-718.50	65794
80	-716.85	65921
88	-715.88	66048
96	-715.72	66173
104	-714.87	66300
112	-713.25	66427
120	-712.52	66554
128	-712.52	66680
136	-711.61	66807
144	-710.05	66934
152	-709.26	67058
160	-709.44	67184
168	-708.47	67311
176	-706.76	67438
184	-706.18	67564
192	-706.00	67691
200	-704.93	67818
208	-703.80	67945
216	-702.83	68071
224	-702.77	68198
232	-701.43	68325
240	-699.93	68451
248	-699.20	68578
256	-698.99	68704
264	-697.95	68831
272	-696.46	68958
280	-695.57	69083
288	-695.33	69209
296	-694.50	69335
304	-692.83	69459
312	-692.19	69586
320	-691.88	69713
328	-691.18	69840
336	-689.66	69966
344	-688.71	70093
352	-688.62	70220
360	-687.68	70347
368	-686.15	70472
376	-685.36	70599
384	-685.21	70726
392	-684.14	70856
400	-682.89	70983
408	-681.70	71110
416	-681.91	71234
424	-681.06	71361
432	-679.93	71488
440	-678.47	71618
448	-678.44	71745
456	-678.01	71875
464	-676.30	72001
472	-675.21	72128
480	-674.60	72255
488	-674.29	72381
496	-672.86	72506
504	-671.88	72633
512	-671.21	72760
520	-670.94	72886
528	-669.90	73012
536	-668.50	73138
544	-667.92	73263
552	-667.71	73389
560	-666.52	73519
568	-665.05	73649
576	-663.99	73776
584	-664.17	73903
592	-663.04	74033
600	-661.46	74160
608	-660.48	74286
616	-660.24	74416
624	-659.63	74543
632	-658.65	74670
640	-657.34	74797
648	-657.10	74923
656	-657.22	75049
664	-655.57	75176
672	-654.50	75303
680	-653.68	75426
688	-653.99	75553
696	-652.98	75679
704	-651.61	75806
712	-650.66	75932
720	-650.82	76057
728	-650.21	76184
736	-649.05	76311
744	-647.98	76441
752	-647.92	76567
760	-647.65	76694
768	-646.49	76821
776	-645.39	76947
784	-644.72	77072
792	-644.75	77198
800	-643.77	77325
808	-642.10	77452
816	-641.36	77578
824	-641.27	77705
832	-640.75	77832
840	-639.14	77960
848	-638.22	78084
856	-637.49	78210
864	-637.43	78337
872	-635.91	78464
880	-634.87	78594
888	-633.96	78720
896	-633.74	78844
904	-633.38	78971
912	-631.82	79101
920	-630.85	79228
928	-630.91	79355
936	-630.27	79481
944	-628.99	79608
952	-627.71	79735
960	-627.34	79861
968	-627.22	79988
976	-626.30	80115
984	-624.87	80242
992	-624.08	80368
1000	-624.02	80495
1008	-623.62	80621
1016	-622.49	80748
1024	-621.33	80878
1032	-620.57	81005
1040	-620.85	81132
1048	-619.69	81262
1056	-618.22	81389
1064	-617.37	81515
1072	-617.40	81642
1080	-616.82	81767
1088	-615.51	81894
1096	-614.20	82020
1104	-613.50	82148
1112	-613.62	82275
1120	-612.89	82402
1128	-611.64	82529
1136	-610.63	82655
1144	-610.54	82782
1152	-610.51	82909
1160	-609.38	83035
1168	-608.16	83162
1176	-607.40	83292
1184	-607.43	83419
1192	-606.94	83545
1200	-605.72	83671
1208	-604.38	83796
1216	-604.44	83919
1224	-604.02	84045
1232	-603.13	84172
1240	-601.88	84299
1248	-601.00	84425
1256	-600.72	84552
1264	-600.63	84679
1272	-599.14	84806
1280	-598.29	84932
1288	-597.25	85059
1296	-597.07	85184
1304	-596.64	85311
1312	-595.15	85437
1320	-593.80	85564
1328	-593.16	85691
1336	-593.22	85818
1344	-592.49	85944
1352	-591.24	86071
1360	-590.39	86198
1368	-590.05	86325
1376	-589.99	86451
1384	-588.65	86578
1392	-587.28	86705
1400	-586.52	86831
1408	-586.49	86958
1416	-586.12	87085
1424	-584.81	87212
1432	-583.56	87339
1440	-582.83	87464
1448	-583.04	87591
1456	-582.52	87718
1464	-580.82	87843
1472	-579.54	87969
1480	-579.23	88093
1488	-579.08	88219
1496	-578.50	88346
1504	-577.13	88473
1512	-575.60	88600
1520	-574.69	88726
1528	-574.72	88853
1536	-573.47	88980
1544	-571.88	89107
1552	-570.75	89233
1560	-569.96	89360
1568	-569.87	89487
1576	-568.93	89613
1584	-567.58	89737
1592	-566.27	89864
1600	-565.75	89991
1608	-565.75	90117
1616	-564.87	90244
1624	-563.56	90371
1632	-562.25	90498
1640	-561.82	90624
1648	-561.21	90750
1656	-560.11	90877
1664	-558.53	91004
1672	-557.31	91130
1680	-557.07	91257
1688	-556.85	91384
1696	-555.88	91511
1704	-554.78	91637
1712	-553.50	91764
1720	-553.32	91891
1728	-553.13	92018
1736	-552.37	92144
1744	-551.15	92271
1752	-549.87	92398
1760	-549.57	92525
1768	-549.75	92651
1776	-548.50	92778
1784	-547.19	92905
1792	-546.15	93032
1800	-545.27	93158
1808	-545.36	93285
1816	-544.81	93412
1824	-543.68	93539
1832	-542.40	93665
1840	-541.61	93792
1848	-541.70	93919
1856	-541.24	94046
1864	-539.57	94172
1872	-538.32	94299
1880	-537.34	94426
1888	-537.22	94556
1896	-536.73	94683
1904	-535.69	94809
1912	-534.44	94932
1920	-533.83	95058
1928	-533.77	95185
1936	-533.32	95312
1944	-532.37	95439
1952	-531.21	95565
1960	-530.30	95692
1968	-529.75	95817
1976	-529.75	95943
1984	-529.05	96073
1992	-527.98	96203
2000	-527.07	96333
2008	-526.24	96462
2016	-526.15	96593
2024	-526.00	96723
2032	-525.02	96854
2040	-523.86	96984
2048	-523.29	97114
2056	-523.25	97244
2064	-523.07	97374
2072	-521.76	97504
2080	-520.75	97634
2088	-520.15	97764
2096	-519.93	97893
2104	-520.11	98023
2112	-518.93	98152
2120	-517.89	98281
2128	-516.79	98411
2136	-516.27	98539
2144	-516.43	98669
2152	-515.88	98799
2160	-514.63	98929
2168	-513.65	99059
2176	-512.98	99189
2184	-512.86	99317
2192	-512.52	99447
2200	-511.46	99577
2208	-510.24	99704
2216	-509.60	99830
2224	-509.20	99957
2232	-509.35	100084
2240	-508.65	100211
2248	-507.40	100338
2256	-506.24	100464
2264	-505.97	100591
2272	-505.97	100718
2280	-505.60	100845
2288	-504.60	100969
2296	-503.35	101096
2304	-502.49	101223
2312	-501.97	101348
2320	-502.13	101475
2328	-501.61	101602
2336	-500.39	101727
2344	-499.11	101853
2352	-498.68	101980
2360	-498.65	102107
2368	-498.71	102234
2376	-497.52	102360
2384	-496.55	102487
2392	-495.54	102614
2400	-495.24	102740
2408	-495.45	102867
2416	-495.36	102990
2424	-494.05	103117
2432	-492.95	103244
2440	-492.19	103370
2448	-491.82	103497
2456	-491.76	103624
2464	-491.55	103751
2472	-490.30	103877
2480	-489.14	104004
2488	-488.32	104128
2496	-488.47	104251
2504	-488.38	104375
2512	-487.71	104498
2520	-486.97	104622
2528	-485.51	104744
2536	-485.15	104868
2544	-485.27	104991
2552	-485.05	105112
2560	-484.38	105235
2568	-483.38	105359
2576	-482.28	105482
2584	-481.61	105606
2592	-481.94	105729
2600	-482.10	105851
2608	-481.33	105975
2616	-480.30	106098
2624	-479.14	106222
2632	-478.50	106345
2640	-478.41	106466
2648	-478.56	106589
2656	-477.95	106713
2664	-476.91	106835
2672	-475.72	106955
2680	-475.18	107079
2688	-475.27	107201
2696	-475.02	107325
2704	-474.50	107448
2712	-473.53	107572
2720	-472.28	107695
2728	-471.79	107817
2736	-471.64	107941
2744	-471.52	108064
2752	-470.88	108187
2760	-469.93	108311
2768	-468.53	108434
2776	-467.89	108558
2784	-467.77	108681
2792	-467.83	108805
2800	-467.46	108928
2808	-465.94	109051
2816	-465.15	109175
2824	-464.11	109298
2832	-464.02	109421
2840	-464.20	109545
2848	-463.96	109668
2856	-462.98	109789
2864	-461.82	109912
2872	-460.69	110034
2880	-460.39	110158
2888	-460.42	110281
2896	-460.42	110404
2904	-459.78	110528
2912	-458.77	110651
2920	-457.58	110775
2928	-457.07	110898
2936	-457.16	111022
2944	-457.10	111144
2952	-456.43	111268
2960	-455.27	111391
2968	-453.99	111515
2976	-453.35	111638
2984	-452.98	111760
2992	-453.13	111883
3000	-453.16	112007
3008	-451.79	112128
3016	-451.03	112247
3024	-449.84	112371
3032	-449.38	112494
3040	-449.54	112618
3048	-449.50	112741
3056	-448.53	112865
3064	-447.34	112988
3072	-446.09	113112
3080	-445.69	113234
3088	-445.45	113358
3096	-445.57	113481
3104	-445.24	113605
3112	-444.14	113728
3120	-442.98	113850
3128	-442.00	113973
3136	-441.73	114096
3144	-441.85	114220
3152	-441.91	114342
3160	-440.94	114466
3168	-439.78	114589
3176	-438.62	114713
3184	-438.01	114836
3192	-437.52	114960
3200	-437.92	115083
3208	-437.40	115207
3216	-436.18	115330
3224	-435.18	115453
3232	-434.02	115576
3240	-433.59	115699
3248	-433.90	115823
3256	-433.68	115946
3264	-433.13	116070
3272	-431.88	116193
3280	-430.66	116317
3288	-429.78	116440
3296	-429.32	116562
3304	-429.66	116684
3312	-429.41	116807
3320	-428.56	116931
3328	-427.34	117054
3336	-426.21	117178
3344	-425.39	117301
3352	-425.18	117425
3360	-425.51	117548
3368	-425.08	117671
3376	-424.35	117793
3384	-423.50	117916
3392	-422.19	118039
3400	-421.64	118163
3408	-421.73	118286
3416	-421.67	118410
3424	-421.58	118533
3432	-420.36	118657
3440	-419.41	118779
3448	-418.35	118903
3456	-417.89	119026
3464	-417.86	119148
3472	-418.19	119272
3480	-417.83	119395
3488	-416.70	119517
3496	-415.72	119641
3504	-414.57	119763
3512	-414.44	119887
3520	-414.47	120010
3528	-414.69	120133
3536	-414.35	120257
3544	-413.29	120380
3552	-412.49	120504
3560	-411.33	120627
3568	-410.82	120751
3576	-410.97	120873
3584	-411.21	120997
3592	-410.79	121120
3600	-409.69	121244
3608	-408.68	121367
3616	-407.68	121490
3624	-407.19	121613
3632	-407.25	121737
3640	-407.43	121860
3648	-407.19	121982
3656	-405.97	122104
3664	-405.15	122227
3672	-403.96	122351
3680	-403.62	122474
3688	-403.38	122596
3696	-403.44	122716
3704	-403.25	122840
3712	-402.04	122962
3720	-401.06	123086
3728	-399.87	123206
3736	-398.99	123329
3744	-398.56	123451
3752	-398.77	123574
3760	-398.47	123698
3768	-397.92	123821
3776	-396.82	123943
3784	-395.63	124067
3792	-395.08	124187
3800	-394.35	124310
3808	-394.57	124433
3816	-394.38	124557
3824	-394.11	124680
3832	-392.71	124802
3840	-391.79	124924
3848	-390.82	125048
3856	-390.27	125171
3864	-390.15	125294
3872	-390.36	125418
3880	-390.15	125541
3888	-389.05	125665
3896	-388.16	125788
3904	-386.94	125912
3912	-386.27	126032
3920	-385.63	126156
3928	-386.21	126279
3936	-385.82	126403
3944	-385.60	126526
3952	-384.17	126649
3960	-383.19	126773
3968	-382.22	126896
3976	-381.64	127020
3984	-381.40	127140
3992	-381.55	127264
4000	-381.36	127387
4008	-380.48	127511
4016	-379.69	127634
4024	-378.44	127758
4032	-377.71	127881
4040	-377.37	128004
4048	-377.74	128128
4056	-377.65	128250
4064	-377.25	128374
4072	-376.27	128497
4080	-375.27	128621
4088	-374.26	128744
