200	772.54	52353
208	769.40	52476
216	768.03	52601
224	765.96	52725
232	764.52	52850
240	763.79	52974
248	762.02	53099
256	759.71	53216
264	758.27	53334
272	757.70	53457
280	755.65	53582
288	753.34	53706
296	752.12	53831
304	751.05	53955
312	748.98	54073
320	747.21	54190
328	745.93	54313
336	744.98	54438
344	742.76	54562
352	741.29	54687
360	740.17	54811
368	739.07	54936
376	736.93	55053
384	735.41	55171
392	734.62	55294
400	733.67	55418
408	731.66	55543
416	730.71	55667
424	729.80	55792
432	728.70	55916
440	726.60	56034
448	725.32	56151
456	724.71	56275
464	723.43	56399
472	721.48	56524
480	720.26	56648
488	719.59	56773
496	718.31	56897
504	716.42	57015
512	715.41	57132
520	714.62	57255
528	713.43	57380
536	711.26	57504
544	709.80	57629
552	709.62	57753
560	708.43	57878
568	706.38	57995
576	705.41	58113
584	704.62	58233
592	703.67	58357
600	701.23	58482
608	700.17	58606
616	699.37	58731
624	698.92	58848
632	696.81	58966
640	695.53	59089
648	694.77	59214
656	693.98	59338
664	692.06	59463
672	690.35	59587
680	689.37	59705
688	688.70	59822
696	686.75	59947
704	684.92	60070
712	683.98	60195
720	683.15	60319
728	681.60	60444
736	679.71	60568
744	678.49	60692
752	677.88	60810
760	676.87	60934
768	674.80	61059
776	673.82	61182
784	673.00	61307
792	672.39	61431
800	670.10	61556
808	668.88	61680
816	668.03	61804
824	667.57	61922
832	665.99	62039
840	664.10	62163
848	663.00	62287
856	662.48	62412
864	661.23	62536
872	659.19	62661
880	657.97	62785
888	657.39	62909
896	656.75	63027
904	654.77	63151
912	653.21	63276
920	652.33	63399
928	651.66	63524
936	649.89	63648
944	648.12	63773
952	647.12	63897
960	646.26	64021
968	645.23	64139
976	643.21	64263
984	641.99	64388
992	641.02	64512
1000	640.74	64636
1008	638.85	64760
1016	637.33	64885
1024	636.20	65009
1032	636.02	65133
1040	634.74	65251
1048	632.88	65368
1056	631.96	65492
1064	630.96	65616
1072	630.62	65744
1080	628.64	65872
1088	627.09	66000
1096	626.29	66128
1104	625.47	66255
1112	624.22	66383
1120	622.27	66511
1128	621.38	66639
1136	620.62	66767
1144	620.13	66894
1152	618.24	67022
1160	616.66	67150
1168	615.56	67278
1176	615.44	67405
1184	613.85	67533
1192	611.93	67661
1200	610.77	67789
1208	610.13	67917
1216	609.46	68044
1224	607.54	68172
1232	606.23	68300
1240	605.04	68428
1248	604.89	68555
1256	603.27	68683
1264	601.38	68811
1272	600.38	68939
1280	599.52	69067
1288	599.10	69194
1296	597.09	69322
1304	595.68	69450
1312	594.46	69578
1320	593.85	69706
1328	593.21	69833
1336	591.11	69961
1344	590.01	70089
1352	589.10	70217
1360	588.76	70344
1368	586.87	70472
1376	584.98	70600
1384	583.92	70728
1392	583.18	70856
1400	582.57	70983
1408	581.05	71111
1416	579.34	71239
1424	578.06	71367
1432	577.30	71495
1440	576.38	71622
1448	574.34	71750
1456	573.03	71878
1464	571.78	72002
1472	571.32	72130
1480	570.38	72258
1488	568.15	72386
1496	566.72	72514
1504	565.62	72642
1512	565.04	72769
1520	563.95	72897
1528	561.75	73025
1536	560.53	73153
1544	559.28	73281
1552	558.82	73408
1560	557.57	73529
1568	555.81	73650
1576	554.34	73771
1584	553.70	73899
1592	553.09	74025
1600	551.87	74153
1608	550.01	74281
1616	548.82	74409
1624	547.79	74537
1632	547.24	74664
1640	546.32	74796
1648	544.56	74927
1656	543.15	75052
1664	542.24	75183
1672	541.72	75307
1680	540.81	75438
1688	538.85	75569
1696	537.60	75693
1704	536.69	75824
1712	536.02	75955
1720	535.17	76079
1728	532.97	76210
1736	531.72	76335
1744	530.32	76459
1752	529.40	76590
1760	528.82	76721
1768	527.02	76845
1776	525.23	76976
1784	524.07	77100
1792	523.18	77231
1800	522.60	77362
1808	521.08	77493
1816	519.19	77618
1824	518.15	77742
1832	517.39	77873
1840	516.78	77997
1848	515.99	78128
1856	513.92	78252
1864	512.76	78383
1872	511.72	78507
1880	511.20	78638
1888	510.41	78769
1896	508.55	78894
1904	507.02	79025
1912	505.99	79149
1920	504.95	79280
1928	504.86	79404
1936	503.52	79535
1944	501.75	79659
1952	500.62	79791
1960	499.68	79915
1968	498.95	80046
1976	498.34	80177
1984	496.63	80305
1992	495.23	80433
2000	494.46	80561
2008	493.49	80689
2016	493.18	80813
2024	492.15	80941
2032	490.01	81069
2040	488.82	81197
2048	487.88	81325
2056	487.09	81452
2064	487.02	81580
2072	485.20	81708
2080	483.67	81836
2088	482.60	81964
2096	481.66	82092
2104	481.29	82219
2112	480.68	82347
2120	479.10	82475
2128	477.51	82603
2136	476.72	82731
2144	475.81	82859
2152	475.44	82985
2160	474.43	83113
2168	472.73	83241
2176	471.69	83369
2184	470.26	83497
2192	469.40	83625
2200	469.68	83752
2208	468.52	83880
2216	466.29	84008
2224	465.32	84136
2232	464.46	84264
2240	463.88	84392
2248	463.64	84524
2256	462.36	84655
2264	460.38	84779
2272	459.52	84910
2280	458.46	85041
2288	457.76	85172
2296	457.57	85303
2304	456.17	85428
2312	454.43	85552
2320	453.46	85676
2328	452.36	85807
2336	451.84	85931
2344	451.78	86062
2352	450.50	86193
2360	448.52	86318
2368	447.45	86449
2376	446.48	86573
2384	445.53	86704
2392	445.53	86828
2400	444.86	86959
2408	442.97	87083
2416	441.54	87215
2424	440.44	87339
2432	439.71	87470
2440	439.16	87601
2448	438.46	87725
2456	436.42	87856
2464	435.10	87980
2472	433.73	88111
2480	432.54	88236
2488	431.93	88367
2496	431.26	88491
2504	429.37	88622
2512	427.30	88753
2520	425.99	88877
2528	424.59	89008
2536	423.79	89139
2544	423.27	89270
2552	421.90	89395
2560	420.07	89519
2568	418.70	89643
2576	417.39	89774
2584	416.32	89905
2592	415.74	90029
2600	415.10	90160
2608	413.43	90291
2616	411.42	90416
2624	410.26	90540
2632	409.16	90671
2640	408.03	90795
2648	407.67	90926
2656	407.09	91057
2664	405.53	91181
2672	403.73	91313
2680	402.45	91437
2688	401.32	91568
2696	400.77	91692
2704	400.38	91823
2712	399.56	91947
2720	397.79	92078
2728	396.02	92209
2736	394.83	92340
2744	393.73	92465
2752	392.73	92589
2760	392.54	92720
2768	391.60	92844
2776	389.80	92975
2784	388.18	93099
2792	386.90	93231
2800	385.96	93355
2808	385.20	93486
2816	384.92	93617
2824	384.13	93741
2832	382.57	93872
2840	381.02	93996
2848	379.92	94127
2856	378.79	94255
2864	378.09	94379
2872	377.57	94510
2880	377.27	94641
2888	375.77	94765
2896	374.07	94897
2904	373.09	95021
2912	371.87	95152
2920	370.84	95276
2928	370.29	95407
2936	370.23	95531
2944	369.34	95662
2952	367.85	95793
2960	366.05	95918
2968	365.20	96049
2976	363.88	96173
2984	363.27	96304
2992	362.88	96428
3000	362.85	96559
3008	361.48	96683
3016	359.65	96814
3024	358.34	96939
3032	357.24	97070
3040	356.14	97201
3048	355.59	97325
3056	355.65	97456
3064	355.04	97580
3072	353.49	97711
3080	351.93	97835
3088	350.71	97967
3096	349.59	98091
3104	348.70	98222
3112	348.18	98353
3120	347.85	98477
3128	346.75	98608
3136	344.98	98732
3144	343.34	98863
3152	342.30	98987
3160	341.17	99118
3168	340.41	99249
3176	339.68	99380
3184	339.52	99511
3192	338.70	99636
3200	337.21	99760
3208	335.53	99884
3216	334.13	100015
3224	333.27	100139
3232	332.24	100270
3240	331.72	100401
3248	331.32	100525
3256	330.93	100656
3264	329.40	100787
3272	327.88	100912
3280	326.51	101036
3288	325.29	101167
3296	324.16	101291
3304	323.18	101422
3312	322.79	101553
3320	322.67	101677
3328	321.69	101808
3336	320.04	101932
3344	318.21	102063
3352	317.48	102188
3360	316.26	102319
3368	315.47	102443
3376	315.32	102574
3384	314.86	102705
3392	314.28	102829
3400	313.37	102960
3408	311.93	103084
3416	310.47	103215
3424	309.34	103340
3432	308.40	103471
3440	307.70	103595
3448	307.09	103726
3456	307.09	103857
3464	306.69	103985
3472	305.71	104109
3480	303.85	104240
3488	302.39	104364
3496	301.75	104495
3504	300.41	104626
3512	299.98	104751
3520	299.52	104875
3528	299.37	105005
3536	299.07	105137
3544	297.82	105261
3552	296.32	105392
3560	294.83	105516
3568	293.82	105647
3576	292.88	105772
3584	291.87	105903
3592	291.23	106027
3600	291.02	106158
3608	290.65	106289
3616	289.77	106413
3624	288.15	106544
3632	286.87	106668
3640	285.26	106799
3648	284.49	106924
3656	283.15	107055
3664	282.70	107179
3672	281.93	107310
3680	281.90	107441
3688	281.66	107565
3696	280.71	107696
3704	279.07	107820
3712	277.33	107951
3720	276.63	108076
3728	275.50	108207
3736	274.34	108331
3744	273.73	108462
3752	273.18	108593
3760	273.34	108717
3768	273.00	108848
3776	271.90	108972
3784	270.41	109103
3792	268.88	109228
3800	267.79	109355
3808	266.93	109486
3816	265.90	109611
3824	265.07	109742
3832	264.56	109873
3840	264.34	109997
3848	264.49	110128
3856	263.76	110252
3864	262.57	110383
3872	260.68	110507
3880	259.19	110639
3888	258.55	110763
3896	257.39	110894
3904	256.45	111025
3912	255.84	111149
3920	255.32	111280
3928	255.29	111404
3936	255.07	111535
3944	253.82	111659
3952	252.33	111790
3960	250.59	111921
3968	249.37	112045
3976	248.52	112176
3984	247.51	112300
3992	246.51	112431
4000	245.71	112555
4008	245.53	112686
4016	245.41	112817
4024	245.07	112941
4032	244.10	113072
4040	242.63	113196
4048	241.05	113327
4056	239.46	113451
4064	238.92	113582
4072	237.60	113713
4080	236.60	113837
4088	235.96	113968