0	0.12	29220
8	0.09	29339
16	0.12	29461
24	0.00	29580
32	0.18	29702
40	0.09	29825
48	0.09	29946
56	0.00	30068
64	0.03	30190
72	0.06	30313
80	0.19	30432
88	0.28	30551
96	0.06	30669
104	0.06	30788
112	0.21	30907
120	0.09	31029
128	0.18	31148
136	0.06	31266
144	0.09	31388
152	0.00	31507
160	0.19	31629
168	0.06	31751
176	0.12	31869
184	0.12	31992
192	0.15	32110
200	0.19	32229
208	39.72	32352
216	235.12	32475
224	512.44	32599
232	541.25	32722
240	525.52	32845
248	528.96	32969
256	527.19	33093
264	523.53	33217
272	521.00	33340
280	520.33	33464
288	518.87	33587
296	515.21	33711
304	513.38	33831
312	509.30	33951
320	508.02	34074
328	507.28	34198
336	504.36	34322
344	501.16	34446
352	498.50	34566
360	494.85	34690
368	494.17	34812
376	493.08	34936
384	489.97	35060
392	487.68	35183
400	483.38	35307
408	480.85	35431
416	480.24	35554
424	479.14	35678
432	476.13	35802
440	474.02	35926
448	470.49	36048
456	467.71	36172
464	467.31	36294
472	466.34	36418
480	463.41	36541
488	460.94	36665
496	457.56	36789
504	454.57	36912
512	453.72	37036
520	453.11	37159
528	450.73	37282
536	447.41	37406
544	445.70	37530
552	440.91	37653
560	439.85	37777
568	439.57	37901
576	437.95	38024
584	434.66	38148
592	432.65	38272
600	428.81	38395
608	426.37	38518
616	425.39	38642
624	424.30	38765
632	422.50	38889
640	418.96	39013
648	417.56	39136
656	413.11	39260
664	410.94	39384
672	410.15	39506
680	409.17	39630
688	406.61	39754
696	403.38	39878
704	402.41	40001
712	397.65	40125
720	396.00	40249
728	395.12	40372
736	394.08	40496
744	392.16	40620
752	387.77	40742
760	386.31	40866
768	382.31	40990
776	379.30	41113
784	378.84	41237
792	377.77	41360
800	376.86	41483
808	373.41	41607
816	370.00	41729
824	368.78	41851
832	363.84	41975
840	362.22	42099
848	361.89	42222
856	361.25	42346
864	360.21	42470
872	356.67	42593
880	354.02	42717
888	352.41	42841
896	347.41	42963
904	346.03	43087
912	345.70	43210
920	345.36	43334
928	344.30	43458
936	341.49	43581
944	338.47	43705
952	337.59	43829
960	332.80	43952
968	330.70	44076
976	330.03	44198
984	329.48	44322
992	328.78	44446
1000	327.22	44569
1008	323.96	44693
1016	322.50	44817
1024	321.28	44937
1032	316.77	45057
1040	315.12	45177
1048	314.66	45297
1056	314.24	45417
1064	313.78	45538
1072	312.68	45658
1080	309.51	45777
1088	307.44	45898
1096	306.74	46018
1104	302.89	46138
1112	300.61	46259
1120	299.91	46379
1128	299.91	46498
1136	299.42	46618
1144	298.66	46739
1152	297.16	46859
1160	294.14	46980
1168	292.62	47099
1176	291.67	47219
1184	287.74	47340
1192	285.36	47460
1200	284.63	47580
1208	284.14	47699
1216	283.93	47820
1224	283.14	47940
1232	281.86	48060
1240	278.87	48181
1248	276.43	48301
1256	275.82	48420
1264	273.17	48541
1272	269.45	48661
1280	268.20	48781
1288	267.50	48901
1296	266.98	49021
1304	266.55	49141
1312	265.94	49261
1320	264.39	49382
1328	261.25	49502
1336	259.17	49622
1344	258.23	49742
1352	255.73	49862
1360	252.28	49982
1368	250.67	50103
1376	249.97	50223
1384	249.66	50342
1392	249.75	50462
1400	249.36	50582
1408	248.38	50703
1416	246.16	50823
1424	243.11	50942
1432	242.07	51062
1440	241.19	51182
1448	238.32	51303
1456	235.00	51423
1464	233.63	51543
1472	233.17	51662
1480	232.86	51783
1488	232.65	51903
1496	232.44	52023
1504	231.40	52143
1512	229.85	52263
1520	226.67	52383
1528	224.57	52503
1536	223.41	52624
1544	222.59	52744
1552	219.27	52864
1560	216.43	52984
1568	215.15	53104
1576	214.45	53224
1584	214.30	53344
1592	214.11	53464
1600	213.84	53583
1608	213.17	53704
1616	211.89	53824
1624	209.51	53944
1632	206.67	54065
1640	205.06	54184
1648	204.17	54304
1656	203.41	54425
1664	199.57	54545
1672	197.10	54665
1680	195.61	54785
1688	194.78	54904
1696	194.42	55024
1704	194.27	55144
1712	193.96	55265
1720	193.32	55385
1728	192.47	55504
1736	190.94	55625
1744	188.44	55745
1752	185.79	55865
1760	183.78	55985
1768	182.80	56105
1776	182.19	56225
1784	179.14	56345
1792	175.91	56466
1800	173.87	56586
1808	172.80	56706
1816	172.19	56825
1824	171.95	56945
1832	171.83	57065
1840	171.46	57186
1848	171.52	57306
1856	170.58	57425
1864	169.48	57546
1872	167.77	57666
1880	164.91	57786
1888	162.25	57906
1896	160.21	58027
1904	159.48	58146
1912	158.90	58266
1920	157.28	58386
1928	153.29	58507
1936	150.55	58627
1944	148.87	58746
1952	148.05	58867
1960	147.35	58987
1968	146.86	59107
1976	146.22	59227
1984	146.40	59346
1992	146.16	59466
2000	146.00	59587
2008	145.00	59707
2016	143.99	59828
2024	142.50	59948
2032	140.12	60067
2040	136.92	60188
2048	135.00	60308
2056	133.32	60428
2064	132.56	60548
2072	131.74	60668
2080	131.16	60788
2088	128.17	60908
2096	124.78	61029
2104	121.95	61152
2112	120.27	61276
2120	119.27	61395
2128	118.78	61519
2136	118.05	61642
2144	117.62	61765
2152	117.59	61889
2160	117.50	62012
2168	117.35	62136
2176	117.50	62259
2184	116.83	62383
2192	116.10	62507
2200	115.15	62630
2208	113.56	62753
2216	111.64	62877
2224	108.69	63001
2232	105.76	63124
2240	103.87	63247
2248	102.44	63371
2256	101.34	63494
2264	100.39	63618
2272	99.66	63740
2280	99.05	63863
2288	96.89	63986
2296	93.05	64106
2304	90.00	64229
2312	87.38	64352
2320	85.33	64472
2328	83.81	64594
2336	83.11	64716
2344	82.25	64839
2352	81.70	64959
2360	81.13	65081
2368	80.79	65204
2376	80.42	65327
2384	80.79	65449
2392	80.91	65568
2400	80.64	65694
2408	80.70	65821
2416	80.61	65947
2424	80.27	66073
2432	79.60	66200
2440	78.69	66326
2448	77.65	66452
2456	76.49	66579
2464	75.06	66705
2472	73.08	66831
2480	70.73	66958
2488	67.99	67084
2496	64.91	67210
2504	62.31	67336
2512	60.70	67463
2520	58.41	67589
2528	56.40	67713
2536	55.76	67838
2544	55.00	67964
2552	54.05	68091
2560	53.17	68217
2568	52.19	68343
2576	51.95	68470
2584	51.31	68596
2592	49.94	68722
2600	48.35	68848
2608	45.00	68975
2616	41.34	69101
2624	38.02	69227
2632	34.69	69354
2640	31.95	69480
2648	29.45	69606
2656	27.35	69733
2664	25.21	69859
2672	23.08	69985
2680	21.22	70112
2688	19.20	70238
2696	17.47	70364
2704	15.97	70491
2712	14.51	70617
2720	13.44	70744
2728	12.07	70866
2736	10.79	70992
2744	9.66	71118
2752	8.32	71244
2760	7.13	71369
2768	5.82	71495
2776	4.66	71620
2784	3.75	71746
2792	2.74	71872
2800	1.80	71997
2808	0.70	72123
2816	0.19	72248
2824	0.52	72370
2832	0.83	72496
2840	1.04	72622
2848	1.47	72747
2856	1.77	72872
2864	2.17	72994
2872	2.44	73120
2880	2.65	73246
2888	3.05	73371
2896	3.05	73497
2904	3.30	73622
2912	3.42	73748
2920	3.17	73874
2928	3.08	74000
2936	3.05	74126
2944	3.14	74251
2952	2.96	74377
2960	2.87	74499
2968	2.75	74625
2976	2.75	74750
2984	2.87	74876
2992	3.17	75002
3000	2.93	75127
3008	2.96	75253
3016	2.87	75379
3024	2.81	75505
3032	2.75	75630
3040	2.87	75756
3048	2.96	75882
3056	2.84	76008
3064	2.72	76134
3072	2.87	76260
3080	2.93	76386
3088	2.65	76511
3096	2.53	76637
3104	2.53	76763
3112	2.44	76889
3120	2.05	77015
3128	2.11	77140
3136	0.58	77266
3144	0.03	77392
3152	1.37	77517
3160	0.19	77643
3168	0.19	77765
3176	2.56	77891
3184	7.05	78017
3192	4.36	78143
3200	2.35	78269
3208	9.33	78395
3216	2.23	78520
3224	10.98	78646
3232	1.83	78772
3240	23.47	78898
3248	19.85	79025
3256	1.47	79150
3264	7.62	79276
3272	14.73	79403
3280	30.31	79528
3288	55.34	79655
3296	54.00	79781
3304	68.02	79907
3312	85.73	80034
3320	86.01	80160
3328	41.28	80287
3336	7.14	80413
3344	6.56	80539
3352	5.49	80664
3360	4.42	80790
3368	1.25	80916
3376	14.58	81042
3384	10.70	81168
3392	3.02	81294
3400	24.30	81420
3408	3.23	81546
3416	0.12	81672
3424	1.25	81798
3432	1.37	81923
3440	0.14	62955
3448	0.20	63080
3456	0.04	63205
3464	0.17	63330
3472	0.04	63456
3480	0.08	63581
3488	0.20	63706
3496	0.08	63831
3504	0.05	63956
3512	0.05	64081
3520	0.01	64206
3528	0.01	64332
3536	0.01	64457
3544	0.05	64582
3552	0.20	64707
3560	1.38	64833
3568	0.35	64958
3576	0.11	65083
3584	0.07	65209
3592	0.29	65334
3600	0.41	65459
3608	0.29	65581
3616	0.20	65702
3624	0.02	65824
3632	0.20	65946
3640	0.14	66065
3648	0.02	66183
3656	0.11	66305
3664	0.02	66426
3672	0.04	66548
3680	0.07	66670
3688	0.32	66792
3696	0.08	66914
3704	0.08	67036
3712	0.17	67158
3720	0.14	67279
3728	0.29	67401
3736	0.08	67523
3744	0.04	67645
3752	0.29	67767
3760	0.08	67889
3768	0.11	68011
3776	0.14	68132
3784	0.04	68254
3792	0.17	68376
3800	0.11	68498
3808	0.01	68620
3816	0.08	68742
3824	0.29	68864
3832	0.08	68985
3840	0.02	69103
3848	0.14	69225
3856	0.17	69347
3864	0.08	69469
3872	0.11	69591
3880	0.05	69712
3888	0.11	69834
3896	0.20	69956
3904	0.05	70078
3912	0.17	70200
3920	0.01	70322
3928	0.41	70444
3936	0.08	70565
3944	0.01	70687
3952	0.11	70809
3960	0.23	70931
3968	0.02	71049
3976	0.20	71171
3984	0.17	71296
3992	0.07	71417
4000	0.05	71543
4008	0.01	71668
4016	0.05	71793
4024	0.17	71919
4032	0.32	72044
4040	0.01	72166
4048	0.23	72291
4056	0.02	72416
4064	0.20	72538
4072	0.02	72664
4080	0.11	72788
4088	0.26	72910
