80	-945.67	11425
88	-933.20	11546
96	-929.26	11669
104	-924.81	11790
112	-924.08	11913
120	-922.49	12036
128	-922.10	12158
136	-921.43	12280
144	-919.75	12403
152	-918.26	12526
160	-917.56	12649
168	-917.19	12772
176	-915.67	12895
184	-914.69	13017
192	-914.38	13139
200	-913.04	13260
208	-911.24	13383
216	-909.63	13506
224	-908.35	13628
232	-908.26	13751
240	-908.10	13874
248	-906.00	13997
256	-905.02	14119
264	-905.30	14240
272	-903.01	14363
280	-901.31	14485
288	-901.18	14606
296	-900.45	14729
304	-897.86	14850
312	-897.25	14971
320	-897.40	15093
328	-895.94	15220
336	-894.69	15342
344	-894.14	15469
352	-893.04	15591
360	-890.94	15714
368	-889.66	15837
376	-888.35	15960
384	-886.82	16080
392	-885.79	16203
400	-885.09	16326
408	-884.29	16447
416	-882.95	16570
424	-881.55	16692
432	-880.30	16815
440	-879.99	16937
448	-879.66	17060
456	-878.38	17183
464	-876.98	17306
472	-877.74	17427
480	-876.00	17550
488	-874.11	17673
496	-873.23	17796
504	-872.65	17918
512	-871.67	18042
520	-870.15	18165
528	-869.23	18290
536	-867.71	18413
544	-866.95	18539
552	-865.30	18662
560	-864.48	18788
568	-862.56	18911
576	-861.34	19037
584	-860.27	19160
592	-858.68	19286
600	-858.35	19408
608	-857.56	19534
616	-856.09	19657
624	-853.62	19783
632	-852.89	19905
640	-850.97	20032
648	-848.77	20152
656	-848.32	20275
664	-846.95	20398
672	-845.79	20519
680	-844.05	20642
688	-844.26	20763
696	-843.04	20886
704	-840.91	21009
712	-839.57	21132
720	-839.17	21255
728	-838.56	21377
736	-837.22	21499
744	-835.51	21625
752	-834.05	21748
760	-832.89	21874
768	-831.76	21997
776	-830.51	22123
784	-829.75	22244
792	-828.68	22370
800	-827.46	22492
808	-826.85	22619
816	-824.87	22742
824	-824.32	22867
832	-822.28	22990
840	-820.70	23116
848	-819.93	23239
856	-818.99	23365
864	-818.62	23487
872	-817.37	23613
880	-818.32	23737
888	-815.82	23863
896	-815.12	23986
904	-814.90	24110
912	-813.62	24230
920	-811.52	24356
928	-811.43	24479
936	-811.40	24604
944	-810.57	24727
952	-809.96	24853
960	-809.20	24976
968	-806.95	25098
976	-805.79	25221
984	-804.75	25344
992	-804.35	25466
1000	-802.43	25589
1008	-801.12	25715
1016	-800.33	25838
1024	-799.78	25964
1032	-798.32	26087
1040	-797.92	26213
1048	-798.13	26336
1056	-796.15	26462
1064	-795.33	26585
1072	-793.93	26711
1080	-792.65	26831
1088	-791.21	26957
1096	-790.67	27080
1104	-789.17	27206
1112	-789.14	27329
1120	-788.07	27453
1128	-785.94	27576
1136	-784.96	27701
1144	-783.68	27824
1152	-781.73	27950
1160	-780.94	28072
1168	-780.88	28198
1176	-780.30	28320
1184	-778.87	28446
1192	-778.62	28569
1200	-777.25	28695
1208	-775.70	28818
1216	-775.42	28944
1224	-774.63	29065
1232	-772.65	29191
1240	-773.20	29314
1248	-771.52	29440
1256	-770.85	29562
1264	-769.08	29685
1272	-768.23	29811
1280	-767.37	29934
1288	-766.64	30060
1296	-764.99	30183
1304	-763.93	30309
1312	-763.87	30432
1320	-761.37	30559
1328	-760.18	30681
1336	-758.29	30808
1344	-757.40	30928
1352	-755.97	31053
1360	-754.81	31176
1368	-753.50	31303
1376	-753.47	31426
1384	-751.95	31552
1392	-750.36	31674
1400	-750.76	31800
1408	-748.71	31923
1416	-748.23	32049
1424	-746.76	32172
1432	-745.21	32297
1440	-744.87	32420
1448	-744.38	32545
1456	-742.52	32668
1464	-742.92	32794
1472	-740.88	32917
1480	-738.56	33041
1488	-737.71	33164
1496	-737.86	33289
1504	-735.94	33412
1512	-734.48	33536
1520	-733.47	33658
1528	-732.40	33782
1536	-731.15	33908
1544	-730.82	34033
1552	-729.35	34159
1560	-728.59	34285
1568	-727.37	34411
1576	-726.06	34537
1584	-724.90	34663
1592	-724.99	34786
1600	-722.89	34912
1608	-722.01	35034
1616	-721.85	35160
1624	-719.78	35282
1632	-719.26	35408
1640	-717.43	35528
1648	-716.27	35654
1656	-715.57	35776
1664	-715.06	35902
1672	-712.71	36025
1680	-712.07	36150
1688	-711.79	36272
1696	-710.18	36398
1704	-709.78	36520
1712	-709.81	36646
1720	-707.86	36769
1728	-707.74	36895
1736	-706.70	37017
1744	-705.57	37143
1752	-705.97	37266
1760	-704.32	37392
1768	-703.62	37515
1776	-703.35	37642
1784	-701.79	37765
1792	-701.24	37891
1800	-699.81	38013
1808	-699.14	38139
1816	-698.01	38265
1824	-697.16	38391
1832	-695.79	38517
1840	-695.51	38643
1848	-694.32	38770
1856	-693.65	38896
1864	-692.34	39022
1872	-692.13	39148
1880	-691.49	39274
1888	-690.73	39401
1896	-689.96	39527
1904	-689.08	39653
1912	-688.53	39779
1920	-686.34	39906
1928	-686.49	40032
1936	-684.69	40158
1944	-685.51	40282
1952	-683.74	40404
1960	-682.59	40530
1968	-681.79	40653
1976	-680.70	40779
1984	-680.09	40901
1992	-679.20	41028
2000	-677.16	41151
2008	-676.76	41275
2016	-675.51	41398
2024	-673.71	41524
2032	-673.65	41647
2040	-673.10	41773
2048	-672.10	41895
2056	-671.55	42021
2064	-669.17	42144
2072	-668.87	42270
2080	-669.48	42391
2088	-667.16	42518
2096	-667.34	42640
2104	-666.24	42766
2112	-665.12	42887
2120	-664.66	43013
2128	-664.38	43136
2136	-663.41	43261
2144	-663.62	43385
2152	-661.37	43511
2160	-660.85	43637
2168	-659.32	43763
2176	-659.02	43890
2184	-658.77	44014
2192	-657.71	44140
2200	-657.13	44267
2208	-655.91	44393
2216	-655.97	44519
2224	-653.38	44645
2232	-653.29	44772
2240	-652.13	44898
2248	-651.76	45024
2256	-650.63	45150
2264	-649.93	45274
2272	-648.74	45401
2280	-648.53	45527
2288	-647.95	45651
2296	-646.64	45777
2304	-645.51	45904
2312	-644.26	46027
2320	-644.35	46153
2328	-642.56	46276
2336	-640.73	46402
2344	-640.54	46525
2352	-639.99	46651
2360	-639.02	46774
2368	-638.59	46900
2376	-636.49	47023
2384	-636.31	47149
2392	-635.67	47271
2400	-634.45	47398
2408	-634.57	47519
2416	-632.74	47645
2424	-632.71	47768
2432	-630.97	47893
2440	-630.12	48016
2448	-629.63	48141
2456	-628.74	48264
2464	-628.90	48391
2472	-626.98	48514
2480	-624.96	48640
2488	-625.02	48762
2496	-624.08	48888
2504	-623.35	49014
2512	-621.82	49140
2520	-621.76	49267
2528	-621.24	49393
2536	-621.00	49518
2544	-620.18	49644
2552	-618.07	49771
2560	-618.07	49897
2568	-617.59	50021
2576	-616.95	50147
2584	-615.12	50273
2592	-615.42	50399
2600	-613.87	50526
2608	-614.45	50652
2616	-613.50	50778
2624	-613.20	50902
2632	-611.09	51028
2640	-610.60	51154
2648	-610.54	51280
2656	-608.81	51403
2664	-606.21	51526
2672	-605.88	51649
2680	-605.15	51775
2688	-603.65	51896
2696	-603.53	52022
2704	-602.43	52143
2712	-601.06	52270
2720	-601.92	52390
2728	-600.67	52516
2736	-599.14	52639
2744	-598.56	52765
2752	-598.23	52888
2760	-598.44	53014
2768	-596.92	53137
2776	-595.27	53261
2784	-594.81	53384
2792	-593.74	53510
2800	-594.51	53633
2808	-592.65	53760
2816	-591.82	53882
2824	-590.97	54007
2832	-590.54	54133
2840	-590.06	54259
2848	-588.71	54382
2856	-588.17	54504
2864	-586.73	54631
2872	-587.40	54757
2880	-585.76	54883
2888	-585.97	55009
2896	-585.18	55136
2904	-584.17	55262
2912	-584.99	55388
2920	-583.59	55514
2928	-582.77	55639
2936	-581.73	55764
2944	-581.55	55890
2952	-580.85	56015
2960	-580.18	56141
2968	-578.68	56267
2976	-577.56	56393
2984	-577.40	56516
2992	-577.92	56642
3000	-576.73	56765
3008	-575.48	56890
3016	-574.48	57012
3024	-573.35	57139
3032	-573.77	57259
3040	-572.83	57384
3048	-570.76	57507
3056	-570.51	57632
3064	-570.18	57755
3072	-569.29	57879
3080	-567.86	58002
3088	-566.21	58127
3096	-565.82	58250
3104	-565.12	58377
3112	-564.72	58500
3120	-563.38	58626
3128	-562.16	58746
3136	-561.06	58873
3144	-559.78	58999
3152	-560.36	59125
3160	-558.84	59251
3168	-557.62	59378
3176	-556.73	59502
3184	-555.94	59629
3192	-556.27	59753
3200	-554.66	59879
3208	-554.48	60004
3216	-552.16	60130
3224	-551.82	60256
3232	-551.70	60379
3240	-550.97	60505
3248	-549.69	60631
3256	-549.42	60756
3264	-548.35	60883
3272	-548.53	61009
3280	-548.38	61133
3288	-547.68	61259
3296	-547.52	61386
3304	-546.12	61512
3312	-546.70	61638
3320	-545.24	61764
3328	-544.32	61890
3336	-543.71	62015
3344	-542.43	62138
3352	-541.95	62264
3360	-542.07	62387
3368	-540.12	62513
3376	-540.18	62636
3384	-538.74	62763
3392	-538.17	62884
3400	-537.86	63011
3408	-536.98	63134
3416	-536.49	63260
3424	-534.26	63381
3432	-534.08	63507
3440	-534.51	63628
3448	-532.65	63754
3456	-531.85	63877
3464	-530.27	64003
3472	-529.78	64125
3480	-529.20	64251
3488	-529.42	64376
3496	-527.40	64502
3504	-527.46	64628
3512	-526.24	64754
3520	-525.85	64880
3528	-526.21	65007
3536	-524.05	65133
3544	-523.38	65257
3552	-521.09	65383
3560	-520.63	65513
3568	-519.81	65643
3576	-519.87	65769
3584	-517.98	65895
3592	-518.50	66020
3600	-516.58	66146
3608	-516.70	66272
3616	-516.27	66398
3624	-514.48	66525
3632	-513.96	66651
3640	-512.28	66777
3648	-511.73	66904
3656	-510.51	67024
3664	-510.57	67147
3672	-509.93	67269
3680	-507.56	67394
3688	-507.31	67520
3696	-506.52	67643
3704	-507.07	67769
3712	-505.06	67895
3720	-504.93	68019
3728	-502.83	68146
3736	-502.01	68269
3744	-502.34	68389
3752	-499.93	68511
3760	-499.20	68638
3768	-497.83	68761
3776	-497.71	68887
3784	-497.43	69010
3792	-498.38	69137
3800	-496.12	69259
3808	-495.39	69385
3816	-495.97	69507
3824	-494.14	69633
3832	-493.87	69755
3840	-493.10	69881
3848	-492.46	70007
3856	-491.34	70130
3864	-489.14	70251
3872	-489.02	70374
3880	-489.38	70496
3888	-488.77	70623
3896	-487.37	70749
3904	-487.04	70875
3912	-484.75	70998
3920	-484.69	71124
3928	-484.02	71250
3936	-483.59	71376
3944	-482.19	71502
3952	-481.24	71629
3960	-481.00	71753
3968	-479.87	71879
3976	-481.09	72004
3984	-479.26	72130
3992	-478.13	72256
4000	-478.01	72382
4008	-475.82	72509
4016	-475.82	72635
4024	-475.09	72759
4032	-474.29	72885
4040	-472.83	73012
4048	-471.49	73138
4056	-471.03	73265
4064	-469.96	73391
4072	-469.81	73517
4080	-469.57	73643
4088	-467.80	73769
