1192	-756.24	80470
1200	-755.93	80593
1208	-755.20	80718
1216	-753.03	80843
1224	-752.55	80970
1232	-750.96	81097
1240	-751.54	81223
1248	-749.13	81350
1256	-748.86	81477
1264	-747.09	81604
1272	-747.06	81730
1280	-744.80	81857
1288	-744.83	81982
1296	-742.85	82108
1304	-742.52	82235
1312	-741.20	82360
1320	-740.05	82486
1328	-739.22	82613
1336	-738.13	82738
1344	-736.85	82865
1352	-735.50	82991
1360	-735.11	83118
1368	-734.01	83245
1376	-733.25	83371
1384	-732.21	83497
1392	-731.81	83622
1400	-730.08	83748
1408	-729.22	83875
1416	-728.10	84002
1424	-727.27	84129
1432	-726.57	84256
1440	-725.35	84382
1448	-725.08	84509
1456	-724.22	84635
1464	-723.16	84762
1472	-722.27	84886
1480	-720.14	85012
1488	-719.99	85139
1496	-717.94	85266
1504	-717.64	85392
1512	-716.45	85519
1520	-715.63	85646
1528	-713.83	85770
1536	-713.55	85897
1544	-712.94	86024
1552	-711.91	86150
1560	-710.44	86273
1568	-710.63	86400
1576	-708.86	86526
1584	-708.31	86652
1592	-706.30	86779
1600	-706.08	86906
1608	-703.98	87031
1616	-703.89	87156
1624	-702.03	87282
1632	-701.63	87409
1640	-700.02	87536
1648	-699.71	87662
1656	-698.43	87787
1664	-697.70	87914
1672	-696.75	88040
1680	-695.81	88164
1688	-695.56	88291
1696	-694.71	88417
1704	-694.13	88544
1712	-692.94	88671
1720	-692.15	88798
1728	-691.45	88924
1736	-691.02	89049
1744	-689.56	89175
1752	-688.19	89302
1760	-687.15	89428
1768	-686.27	89554
1776	-685.14	89681
1784	-683.52	89808
1792	-683.00	89935
1800	-681.54	90061
1808	-681.57	90186
1816	-679.86	90313
1824	-679.19	90440
1832	-677.70	90566
1840	-677.79	90693
1848	-675.53	90820
1856	-675.50	90946
1864	-673.86	91073
1872	-674.07	91198
1880	-671.94	91324
1888	-671.60	91451
1896	-669.80	91578
1904	-668.64	91705
1912	-667.27	91831
1920	-666.24	91958
1928	-665.99	92085
1936	-665.53	92211
1944	-664.65	92337
1952	-662.39	92464
1960	-662.36	92591
1968	-661.42	92717
1976	-660.81	92844
1984	-659.25	92968
1992	-659.04	93094
2000	-657.52	93221
2008	-657.00	93348
2016	-655.05	93474
2024	-654.44	93601
2032	-653.10	93728
2040	-652.49	93854
2048	-651.30	93981
2056	-649.31	94108
2064	-649.04	94234
2072	-648.34	94359
2080	-647.03	94486
2088	-646.33	94611
2096	-646.02	94737
2104	-644.01	94864
2112	-644.13	94991
2120	-641.88	95118
2128	-641.69	95244
2136	-639.89	95371
2144	-640.41	95498
2152	-638.70	95625
2160	-637.70	95751
2168	-637.33	95878
2176	-636.24	96005
2184	-635.96	96130
2192	-634.62	96256
2200	-633.67	96380
2208	-632.85	96507
2216	-632.79	96634
2224	-630.93	96760
2232	-630.60	96887
2240	-629.07	97014
2248	-628.74	97141
2256	-627.61	97265
2264	-626.33	97392
2272	-625.69	97518
2280	-625.41	97645
2288	-624.47	97772
2296	-623.10	97898
2304	-622.52	98025
2312	-621.39	98152
2320	-621.30	98277
2328	-619.53	98402
2336	-618.80	98528
2344	-617.91	98655
2352	-617.52	98782
2360	-616.60	98909
2368	-616.14	99035
2376	-614.56	99162
2384	-614.41	99289
2392	-614.07	99416
2400	-612.73	99542
2408	-611.36	99667
2416	-610.56	99794
2424	-609.74	99921
2432	-609.04	100047
2440	-608.40	100174
2448	-606.88	100301
2456	-606.78	100427
2464	-606.36	100554
2472	-626.98	48514
2480	-624.96	48640
2488	-625.02	48762
2496	-624.08	48888
2504	-623.35	49014
2512	-621.82	49140
2520	-621.76	49267
2528	-621.24	49393
2536	-621.00	49518
2544	-620.18	49644
2552	-618.07	49771
2560	-618.07	49897
2568	-617.59	50021
2576	-616.95	50147
2584	-615.12	50273
2592	-615.42	50399
2600	-613.87	50526
2608	-614.45	50652
2616	-613.50	50778
2624	-613.20	50902
2632	-611.09	51028
2640	-610.60	51154
2648	-610.54	51280
2656	-608.81	51403
2664	-606.21	51526
2672	-605.88	51649
2680	-605.15	51775
2688	-603.65	51896
2696	-603.53	52022
2704	-602.43	52143
2712	-601.06	52270
2720	-601.92	52390
2728	-600.67	52516
2736	-599.14	52639
2744	-598.56	52765
2752	-598.23	52888
2760	-598.44	53014
2768	-596.92	53137
2776	-595.27	53261
2784	-594.81	53384
2792	-593.74	53510
2800	-594.51	53633
2808	-592.65	53760
2816	-591.82	53882
2824	-590.97	54007
2832	-590.54	54133
2840	-590.06	54259
2848	-588.71	54382
2856	-588.17	54504
2864	-586.73	54631
2872	-587.40	54757
2880	-585.76	54883
2888	-585.97	55009
2896	-585.18	55136
2904	-584.17	55262
2912	-584.99	55388
2920	-583.59	55514
2928	-582.77	55639
2936	-581.73	55764
2944	-581.55	55890
2952	-580.85	56015
2960	-580.18	56141
2968	-578.68	56267
2976	-577.56	56393
2984	-577.40	56516
2992	-577.92	56642
3000	-576.73	56765
3008	-575.48	56890
3016	-574.48	57012
3024	-573.35	57139
3032	-573.77	57259
3040	-572.83	57384
3048	-570.76	57507
3056	-570.51	57632
3064	-570.18	57755
3072	-569.29	57879
3080	-567.86	58002
3088	-566.21	58127
3096	-565.82	58250
3104	-565.12	58377
3112	-564.72	58500
3120	-563.38	58626
3128	-562.16	58746
3136	-561.06	58873
3144	-559.78	58999
3152	-560.36	59125
3160	-558.84	59251
3168	-557.62	59378
3176	-556.73	59502
3184	-555.94	59629
3192	-556.27	59753
3200	-554.66	59879
3208	-554.48	60004
3216	-552.16	60130
3224	-551.82	60256
3232	-551.70	60379
3240	-550.97	60505
3248	-549.69	60631
3256	-549.42	60756
3264	-548.35	60883
3272	-548.53	61009
3280	-548.38	61133
3288	-547.68	61259
3296	-547.52	61386
3304	-546.12	61512
3312	-546.70	61638
3320	-545.24	61764
3328	-544.32	61890
3336	-543.71	62015
3344	-542.43	62138
3352	-541.95	62264
3360	-542.07	62387
3368	-540.12	62513
3376	-540.18	62636
3384	-538.74	62763
3392	-538.17	62884
3400	-537.86	63011
3408	-536.98	63134
3416	-536.49	63260
3424	-534.26	63381
3432	-534.08	63507
3440	-534.51	63628
3448	-532.65	63754
3456	-531.85	63877
3464	-530.27	64003
3472	-529.78	64125
3480	-529.20	64251
3488	-529.42	64376
3496	-527.40	64502
3504	-527.46	64628
3512	-526.24	64754
3520	-525.85	64880
3528	-526.21	65007
3536	-524.05	65133
3544	-523.38	65257
3552	-521.09	65383
3560	-520.63	65513
3568	-519.81	65643
3576	-519.87	65769
3584	-517.98	65895
3592	-518.50	66020
3600	-516.58	66146
3608	-516.70	66272
3616	-516.27	66398
3624	-514.48	66525
3632	-513.96	66651
3640	-512.28	66777
3648	-511.73	66904
3656	-510.51	67024
3664	-510.57	67147
3672	-509.93	67269
3680	-507.56	67394
3688	-507.31	67520
3696	-506.52	67643
3704	-507.07	67769
3712	-505.06	67895
3720	-504.93	68019
3728	-502.83	68146
3736	-502.01	68269
3744	-502.34	68389
3752	-499.93	68511
3760	-499.20	68638
3768	-497.83	68761
3776	-497.71	68887
3784	-497.43	69010
3792	-498.38	69137
3800	-496.12	69259
3808	-495.39	69385
3816	-495.97	69507
3824	-494.14	69633
3832	-493.87	69755
3840	-493.10	69881
3848	-492.46	70007
3856	-491.34	70130
3864	-489.14	70251
3872	-489.02	70374
3880	-489.38	70496
3888	-488.77	70623
3896	-487.37	70749
3904	-487.04	70875
3912	-484.75	70998
3920	-484.69	71124
3928	-484.02	71250
3936	-483.59	71376
3944	-482.19	71502
3952	-481.24	71629
3960	-481.00	71753
3968	-479.87	71879
3976	-481.09	72004
3984	-479.26	72130
3992	-478.13	72256
4000	-478.01	72382
4008	-475.82	72509
4016	-475.82	72635
4024	-475.09	72759
4032	-474.29	72885
4040	-472.83	73012
4048	-471.49	73138
4056	-471.03	73265
4064	-469.96	73391
4072	-469.81	73517
4080	-469.57	73643
4088	-467.80	73769
