72	-899.62	11318
80	-893.43	11441
88	-880.87	11564
96	-878.95	11686
104	-874.83	11809
112	-871.81	11929
120	-871.32	12048
128	-868.64	12169
136	-866.41	12289
144	-864.86	12411
152	-862.21	12530
160	-860.44	12650
168	-858.98	12769
176	-856.63	12889
184	-854.65	13006
192	-851.90	13125
200	-851.20	13245
208	-848.79	13365
216	-847.27	13478
224	-844.89	13597
232	-843.91	13717
240	-841.75	13835
248	-839.89	13958
256	-838.27	14076
264	-836.63	14196
272	-835.29	14316
280	-832.79	14433
288	-832.76	14553
296	-829.62	14671
304	-828.82	14791
312	-826.93	14911
320	-825.74	15030
328	-824.04	15150
336	-821.41	15269
344	-821.26	15388
352	-818.27	15508
360	-817.21	15628
368	-816.23	15749
376	-813.40	15868
384	-812.51	15985
392	-809.86	16105
400	-809.10	16222
408	-806.99	16340
416	-806.17	16460
424	-802.91	16580
432	-802.94	16699
440	-800.47	16819
448	-799.34	16937
456	-797.09	17055
464	-796.66	17175
472	-793.85	17294
480	-792.06	17414
488	-791.60	17534
496	-789.28	17654
504	-788.06	17773
512	-785.32	17892
520	-784.62	18011
528	-782.63	18126
536	-781.78	18246
544	-778.58	18366
552	-778.49	18485
560	-776.69	18605
568	-775.29	18724
576	-774.19	18843
584	-772.24	18963
592	-771.57	19086
600	-769.74	19205
608	-768.06	19323
616	-767.45	19443
624	-765.71	19561
632	-764.31	19680
640	-762.79	19798
648	-761.35	19917
656	-760.16	20035
664	-758.58	20154
672	-756.81	20274
680	-756.38	20393
688	-753.79	20512
696	-752.97	20629
704	-751.41	20748
712	-751.45	20868
720	-748.70	20987
728	-747.60	21109
736	-745.90	21229
744	-744.46	21352
752	-743.82	21475
760	-742.73	21598
768	-741.32	21721
776	-740.07	21843
784	-738.64	21966
792	-737.51	22087
800	-736.32	22210
808	-734.40	22331
816	-733.49	22454
824	-732.36	22577
832	-731.14	22700
840	-729.01	22819
848	-728.67	22942
856	-727.70	23061
864	-725.84	23184
872	-724.37	23307
880	-723.34	23426
888	-721.02	23546
896	-720.44	23669
904	-720.56	23790
912	-718.06	23913
920	-715.87	24036
928	-715.29	24159
936	-715.13	24282
944	-712.97	24404
952	-711.14	24527
960	-710.20	24650
968	-710.01	24771
976	-707.85	24894
984	-705.65	25016
992	-704.74	25139
1000	-704.43	25262
1008	-702.45	25384
1016	-700.81	25505
1024	-699.56	25627
1032	-699.68	25750
1040	-697.39	25873
1048	-696.84	25999
1056	-694.07	26121
1064	-693.64	26248
1072	-691.84	26371
1080	-690.26	26497
1088	-689.56	26619
1096	-689.16	26742
1104	-686.29	26864
1112	-684.98	26987
1120	-684.04	27110
1128	-683.18	27233
1136	-681.96	27356
1144	-679.98	27479
1152	-678.09	27601
1160	-677.82	27723
1168	-676.78	27846
1176	-674.25	27969
1184	-672.79	28095
1192	-671.26	28218
1200	-669.83	28344
1208	-669.01	28467
1216	-666.72	28594
1224	-665.77	28715
1232	-665.32	28840
1240	-662.42	28963
1248	-661.29	29089
1256	-659.89	29210
1264	-658.52	29336
1272	-658.55	29459
1280	-656.11	29586
1288	-654.62	29708
1296	-653.46	29835
1304	-652.02	29958
1312	-651.02	30080
1320	-649.62	30202
1328	-648.27	30325
1336	-648.21	30451
1344	-645.38	30574
1352	-644.28	30700
1360	-642.94	30823
1368	-642.15	30950
1376	-641.87	31073
1384	-639.68	31199
1392	-639.31	31322
1400	-637.18	31448
1408	-636.38	31570
1416	-634.71	31696
1424	-633.03	31819
1432	-632.24	31945
1440	-631.96	32068
1448	-631.32	32194
1456	-629.62	32317
1464	-627.39	32439
1472	-626.96	32562
1480	-625.38	32688
1488	-625.20	32811
1496	-623.88	32936
1504	-622.82	33059
1512	-621.66	33186
1520	-620.93	33312
1528	-618.70	33438
1536	-618.09	33564
1544	-615.93	33691
1552	-615.47	33817
1560	-612.39	33941
1568	-611.54	34068
1576	-609.43	34194
1584	-609.19	34320
1592	-607.63	34446
1600	-606.20	34573
1608	-605.04	34699
1616	-603.46	34824
1624	-601.99	34951
1632	-599.98	35077
1640	-599.01	35203
1648	-596.93	35329
1656	-596.54	35456
1664	-594.83	35581
1672	-594.65	35704
1680	-592.54	35830
1688	-591.93	35953
1696	-590.56	36079
1704	-590.04	36206
1712	-587.94	36332
1720	-587.15	36458
1728	-585.59	36584
1736	-584.74	36711
1744	-582.76	36833
1752	-581.87	36960
1760	-580.04	37086
1768	-578.98	37211
1776	-578.15	37337
1784	-577.09	37464
1792	-576.02	37590
1800	-574.10	37715
1808	-573.43	37841
1816	-572.36	37968
1824	-571.54	38093
1832	-570.47	38219
1840	-570.01	38344
1848	-568.27	38470
1856	-567.76	38596
1864	-565.90	38722
1872	-564.25	38848
1880	-562.85	38971
1888	-561.20	39097
1896	-560.04	39220
1904	-558.58	39346
1912	-557.27	39473
1920	-555.59	39599
1928	-554.80	39725
1936	-553.58	39851
1944	-552.82	39976
1952	-550.90	40103
1960	-550.23	40228
1968	-548.85	40354
1976	-548.09	40481
1984	-547.06	40607
1992	-545.20	40733
2000	-544.49	40859
2008	-543.15	40986
2016	-542.27	41112
2024	-540.84	41238
2032	-539.07	41365
2040	-537.94	41491
2048	-536.14	41617
2056	-535.62	41743
2064	-534.28	41868
2072	-532.79	41995
2080	-531.48	42121
2088	-529.80	42247
2096	-529.04	42373
2104	-527.85	42499
2112	-526.96	42626
2120	-525.56	42752
2128	-524.28	42877
2136	-523.73	43004
2144	-522.85	43130
2152	-522.54	43254
2160	-520.81	43381
2168	-519.77	43507
2176	-518.76	43632
2184	-517.76	43758
2192	-516.72	43883
2200	-514.77	44009
2208	-514.22	44135
2216	-513.43	44258
2224	-512.33	44384
2232	-512.45	44507
2240	-509.98	44630
2248	-509.25	44755
2256	-507.66	44882
2264	-506.78	45007
2272	-505.93	45133
2280	-505.53	45259
2288	-504.34	45383
2296	-503.31	45509
2304	-502.70	45635
2312	-501.08	45762
2320	-501.02	45888
2328	-499.68	46014
2336	-498.09	46141
2344	-497.02	46267
2352	-495.47	46392
2360	-494.89	46517
2368	-493.67	46644
2376	-492.39	46769
2384	-491.48	46894
2392	-490.90	47020
2400	-489.89	47145
2408	-489.07	47271
2416	-488.67	47396
2424	-486.72	47523
2432	-485.99	47649
2440	-484.19	47773
2448	-483.37	47899
2456	-482.66	48026
2464	-481.17	48152
2472	-480.13	48278
2480	-478.58	48405
2488	-478.06	48531
2496	-477.27	48657
2504	-476.66	48783
2512	-476.26	48909
2520	-474.49	49035
2528	-473.61	49161
2536	-472.63	49288
2544	-471.32	49412
2552	-470.99	49538
2560	-468.43	49662
2568	-467.94	49788
2576	-465.90	49914
2584	-465.23	50040
2592	-464.31	50167
2600	-463.73	50293
2608	-462.94	50418
2616	-460.87	50545
2624	-460.20	50671
2632	-458.70	50795
2640	-457.36	50921
2648	-456.84	51048
2656	-455.20	51174
2664	-453.73	51300
2672	-452.63	51426
2680	-451.72	51551
2688	-450.90	51677
2696	-450.44	51803
2704	-449.62	51928
2712	-447.70	52054
2720	-446.84	52179
2728	-445.84	52306
2736	-444.16	52432
2744	-443.64	52558
2752	-442.97	52685
2760	-441.14	52811
2768	-440.32	52937
2776	-438.73	53063
2784	-438.88	53189
2792	-437.94	53315
2800	-437.97	53441
2808	-436.99	53567
2816	-435.13	53694
2824	-434.56	53820
2832	-433.09	53946
2840	-432.12	54072
2848	-431.29	54192
2856	-431.96	54316
2864	-429.31	54440
2872	-428.64	54566
2880	-427.09	54692
2888	-426.14	54818
2896	-425.47	54944
2904	-424.74	55071
2912	-423.95	55197
2920	-422.79	55323
2928	-421.41	55449
2936	-421.05	55576
2944	-419.80	55700
2952	-419.74	55826
2960	-418.52	55952
2968	-416.48	56079
2976	-416.23	56205
2984	-414.86	56331
2992	-414.04	56457
3000	-413.58	56584
3008	-412.88	56710
3016	-413.03	56834
3024	-411.32	56960
3032	-410.26	57086
3040	-408.43	57209
3048	-408.46	57332
3056	-407.57	57451
3064	-406.45	57574
3072	-405.99	57692
3080	-404.65	57815
3088	-404.01	57934
3096	-402.02	58057
3104	-401.96	58174
3112	-400.47	58297
3120	-400.99	58417
3128	-398.82	58540
3136	-398.24	58657
3144	-396.90	58780
3152	-396.08	58899
3160	-394.37	59022
3168	-394.07	59142
3176	-393.03	59264
3184	-392.30	59383
3192	-390.74	59503
3200	-390.04	59626
3208	-389.31	59745
3216	-387.09	59868
3224	-386.96	59986
3232	-385.84	60109
3240	-386.57	60228
3248	-384.13	60351
3256	-383.61	60470
3264	-382.18	60592
3272	-381.90	60710
3280	-379.46	60831
3288	-379.46	60951
3296	-378.49	61074
3304	-377.76	61197
3312	-377.76	61319
3320	-375.50	61442
3328	-374.31	61568
3336	-374.22	61690
3344	-372.09	61810
3352	-372.21	61933
3360	-371.66	62055
3368	-370.07	62178
3376	-370.62	62301
3384	-368.18	62424
3392	-367.06	62546
3400	-366.69	62667
3408	-365.10	62789
3416	-364.77	62912
3424	-364.80	63035
3432	-363.09	63157
3440	-362.73	63281
3448	-361.20	63404
3456	-360.53	63526
3464	-359.07	63649
3472	-358.73	63772
3480	-357.30	63894
3488	-356.84	64018
3496	-356.51	64138
3504	-355.07	64261
3512	-354.19	64384
3520	-353.61	64506
3528	-351.87	64633
3536	-351.54	64756
3544	-350.65	64882
3552	-350.50	65004
3560	-349.89	65130
3568	-348.52	65253
3576	-347.30	65380
3584	-346.78	65503
3592	-345.77	65632
3600	-344.65	65755
3608	-343.82	65881
3616	-343.40	66003
3624	-343.46	66129
3632	-342.27	66250
3640	-340.96	66373
3648	-340.26	66496
3656	-339.04	66619
3664	-338.58	66742
3672	-337.36	66863
3680	-337.15	66985
3688	-336.84	67107
3696	-335.68	67228
3704	-335.23	67351
3712	-333.82	67474
3720	-332.45	67597
3728	-332.30	67719
3736	-330.99	67841
3744	-330.53	67963
3752	-330.50	68085
3760	-330.01	68212
3768	-328.55	68335
3776	-327.63	68461
3784	-326.69	68584
3792	-326.11	68710
3800	-324.59	68833
3808	-323.61	68959
3816	-323.76	69082
3824	-323.58	69208
3832	-321.81	69330
3840	-321.60	69455
3848	-320.56	69578
3856	-319.68	69704
3864	-318.61	69827
3872	-318.15	69949
3880	-317.33	70072
3888	-316.66	70198
3896	-315.74	70321
3904	-315.99	70443
3912	-314.28	70564
3920	-313.49	70687
3928	-312.45	70810
3936	-310.81	70933
3944	-310.26	71052
3952	-309.80	71175
3960	-309.31	71297
3968	-308.76	71419
3976	-308.12	71545
3984	-308.21	71668
3992	-306.29	71794
4000	-305.41	71917
4008	-304.10	72043
4016	-304.16	72163
4024	-303.03	72289
4032	-301.90	72412
4040	-301.35	72538
4048	-302.06	72659
4056	-300.93	72786
4064	-299.34	72909
4072	-298.73	73035
4080	-298.03	73158
4088	-297.02	73284
