80	-788.01	11493
88	-782.10	11622
96	-779.23	11751
104	-778.71	11881
112	-777.46	12010
120	-777.07	12137
128	-775.15	12263
136	-773.83	12389
144	-772.89	12515
152	-772.13	12641
160	-770.91	12768
168	-769.96	12894
176	-768.74	13019
184	-767.55	13145
192	-765.94	13271
200	-765.08	13396
208	-764.84	13522
216	-762.74	13649
224	-761.85	13775
232	-760.63	13901
240	-759.69	14026
248	-758.59	14152
256	-757.40	14278
264	-756.91	14405
272	-755.79	14531
280	-754.05	14657
288	-753.16	14783
296	-753.07	14909
304	-751.82	15036
312	-750.57	15162
320	-749.11	15288
328	-748.13	15414
336	-747.31	15541
344	-745.36	15665
352	-745.42	15791
360	-744.50	15916
368	-743.04	16041
376	-741.88	16167
384	-740.39	16293
392	-739.87	16420
400	-738.93	16546
408	-737.74	16672
416	-737.49	16796
424	-736.15	16922
432	-734.14	17049
440	-733.74	17175
448	-733.16	17301
456	-732.13	17428
464	-731.40	17554
472	-729.93	17680
480	-729.11	17806
488	-727.65	17932
496	-726.43	18058
504	-726.21	18184
512	-725.18	18309
520	-724.50	18435
528	-723.16	18561
536	-721.82	18686
544	-721.36	18812
552	-719.81	18938
560	-718.77	19064
568	-718.71	19190
576	-717.80	19317
584	-716.18	19443
592	-714.93	19569
600	-713.90	19695
608	-713.10	19822
616	-712.10	19948
624	-710.57	20073
632	-709.84	20199
640	-708.83	20326
648	-706.27	20452
656	-705.97	20578
664	-704.96	20703
672	-704.17	20827
680	-702.65	20953
688	-701.21	21079
696	-701.18	21206
704	-699.93	21331
712	-698.35	21457
720	-697.25	21584
728	-696.33	21710
736	-695.24	21834
744	-693.99	21960
752	-692.31	22085
760	-692.00	22211
768	-691.18	22337
776	-689.38	22463
784	-689.11	22589
792	-687.00	22715
800	-686.82	22840
808	-684.72	22966
816	-683.44	23093
824	-683.44	23219
832	-682.95	23345
840	-680.88	23472
848	-679.93	23598
856	-679.05	23723
864	-677.46	23849
872	-676.97	23975
880	-675.51	24101
888	-674.26	24228
896	-674.17	24354
904	-672.37	24478
912	-671.27	24604
920	-670.48	24730
928	-668.77	24857
936	-668.29	24983
944	-666.85	25109
952	-665.39	25235
960	-664.78	25361
968	-663.62	25488
976	-661.79	25614
984	-660.88	25739
992	-659.84	25865
1000	-658.74	25991
1008	-658.07	26117
1016	-656.06	26240
1024	-656.15	26365
1032	-655.24	26492
1040	-654.26	26614
1048	-652.65	26741
1056	-651.97	26867
1064	-651.88	26992
1072	-650.39	27117
1080	-649.63	27244
1088	-648.65	27370
1096	-647.04	27496
1104	-646.40	27623
1112	-645.54	27749
1120	-644.50	27875
1128	-643.56	28001
1136	-643.47	28126
1144	-642.07	28252
1152	-640.88	28378
1160	-639.84	28504
1168	-638.80	28630
1176	-638.13	28755
1184	-636.67	28881
1192	-635.82	29007
1200	-635.97	29133
1208	-634.78	29258
1216	-633.90	29384
1224	-632.95	29510
1232	-631.70	29637
1240	-631.52	29761
1248	-630.15	29887
1256	-628.68	30013
1264	-627.83	30140
1272	-627.46	30266
1280	-626.49	30392
1288	-625.88	30519
1296	-624.90	30645
1304	-623.90	30771
1312	-623.96	30895
1320	-622.55	31021
1328	-620.88	31148
1336	-620.39	31273
1344	-619.08	31399
1352	-618.68	31525
1360	-618.10	31651
1368	-616.18	31776
1376	-615.72	31902
1384	-615.48	32028
1392	-613.96	32154
1400	-612.71	32280
1408	-611.70	32407
1416	-610.69	32533
1424	-610.02	32659
1432	-609.41	32785
1440	-608.04	32907
1448	-607.52	33034
1456	-606.73	33160
1464	-606.27	33285
1472	-605.36	33412
1480	-603.83	33536
1488	-603.50	33661
1496	-602.92	33786
1504	-602.07	33908
1512	-600.45	34035
1520	-599.29	34160
1528	-598.99	34286
1536	-598.53	34412
1544	-597.46	34539
1552	-596.40	34661
1560	-595.30	34786
1568	-595.18	34912
1576	-594.29	35037
1584	-593.62	35163
1592	-592.46	35289
1600	-591.46	35415
1608	-591.00	35542
1616	-590.24	35667
1624	-588.77	35793
1632	-587.61	35920
1640	-587.37	36046
1648	-586.27	36170
1656	-585.66	36297
1664	-584.72	36422
1672	-583.44	36549
1680	-583.13	36675
1688	-582.83	36801
1696	-581.24	36927
1704	-580.05	37054
1712	-579.26	37180
1720	-578.10	37306
1728	-577.55	37432
1736	-577.10	37557
1744	-575.27	37683
1752	-574.35	37809
1760	-574.29	37935
1768	-573.47	38062
1776	-571.52	38188
1784	-570.27	38312
1792	-568.74	38439
1800	-567.19	38565
1808	-566.12	38691
1816	-564.02	38817
1824	-561.79	38943
1832	-561.00	39070
1840	-559.78	39196
1848	-557.95	39321
1856	-556.64	39447
1864	-554.38	39571
1872	-553.32	39698
1880	-552.52	39824
1888	-551.06	39949
1896	-549.50	40075
1904	-547.83	40200
1912	-546.27	40327
1920	-545.51	40453
1928	-544.84	40579
1936	-542.98	40706
1944	-540.94	40832
1952	-540.21	40957
1960	-539.32	41083
1968	-538.04	41208
1976	-536.88	41334
1984	-535.21	41460
1992	-533.53	41586
2000	-533.04	41713
2008	-532.55	41839
2016	-530.82	41962
2024	-529.84	42089
2032	-528.25	42215
2040	-527.00	42341
2048	-526.49	42468
2056	-525.27	42593
2064	-523.56	42719
2072	-521.73	42845
2080	-521.46	42970
2088	-520.15	43092
2096	-518.93	43216
2104	-517.22	43341
2112	-515.66	43467
2120	-513.35	43591
2128	-512.43	43717
2136	-511.52	43844
2144	-510.27	43973
2152	-508.50	44103
2160	-507.37	44232
2168	-505.82	44362
2176	-505.30	44491
2184	-504.17	44621
2192	-502.77	44751
2200	-501.24	44880
2208	-499.66	45010
2216	-498.80	45139
2224	-497.89	45268
2232	-496.67	45398
2240	-495.45	45527
2248	-494.35	45655
2256	-492.49	45785
2264	-491.85	45915
2272	-491.03	46040
2280	-489.41	46170
2288	-488.01	46299
2296	-487.07	46429
2304	-485.60	46559
2312	-484.96	46688
2320	-483.83	46816
2328	-482.25	46946
2336	-481.18	47075
2344	-479.96	47205
2352	-478.99	47334
2360	-478.35	47464
2368	-477.04	47591
2376	-475.57	47721
2384	-474.23	47851
2392	-472.86	47980
2400	-472.46	48110
2408	-471.52	48239
2416	-470.27	48367
2424	-469.02	48497
2432	-467.86	48624
2440	-466.49	48750
2448	-465.02	48880
2456	-464.93	49010
2464	-463.65	49139
2472	-461.97	49269
2480	-461.30	49398
2488	-460.36	49528
2496	-459.47	49657
2504	-458.96	49787
2512	-457.61	49916
2520	-456.55	50046
2528	-455.15	50172
2536	-454.11	50300
2544	-453.10	50429
2552	-452.58	50557
2560	-451.73	50688
2568	-450.18	50817
2576	-449.72	50947
2584	-448.59	51077
2592	-447.68	51206
2600	-447.74	51336
2608	-446.24	51464
2616	-445.11	51594
2624	-444.35	51724
2632	-442.71	51853
2640	-442.25	51983
2648	-441.67	52112
2656	-440.05	52242
2664	-438.93	52372
2672	-437.46	52501
2680	-436.12	52631
2688	-435.21	52761
2696	-433.74	52890
2704	-432.95	53020
2712	-431.79	53149
2720	-429.69	53278
2728	-428.71	53408
2736	-427.71	53537
2744	-426.64	53667
2752	-426.36	53797
2760	-424.44	53924
2768	-422.61	54054
2776	-421.97	54183
2784	-421.30	54313
2792	-419.93	54443
2800	-419.81	54572
2808	-418.59	54700
2816	-416.73	54829
2824	-415.57	54959
2832	-415.05	55089
2840	-413.86	55218
2848	-413.62	55348
2856	-412.46	55478
2864	-411.49	55605
2872	-410.69	55735
2880	-409.57	55862
2888	-408.47	55992
2896	-407.28	56121
2904	-406.94	56251
2912	-406.49	56378
2920	-404.96	56507
2928	-403.96	56637
2936	-402.52	56766
2944	-401.40	56891
2952	-400.45	57017
2960	-400.05	57143
2968	-399.38	57268
2976	-397.83	57394
2984	-397.07	57520
2992	-396.09	57647
3000	-394.72	57773
3008	-393.65	57899
3016	-392.68	58024
3024	-392.52	58151
3032	-390.82	58275
3040	-390.15	58401
3048	-388.90	58525
3056	-387.43	58652
3064	-386.82	58778
3072	-386.64	58904
3080	-385.42	59028
3088	-384.32	59155
3096	-383.56	59281
3104	-382.49	59407
3112	-380.75	59532
3120	-379.96	59659
3128	-379.90	59785
3136	-379.38	59911
3144	-377.89	60038
3152	-376.70	60164
3160	-375.63	60290
3168	-374.72	60416
3176	-373.16	60542
3184	-372.31	60668
3192	-371.79	60794
3200	-370.85	60918
3208	-369.63	61045
3216	-368.47	61171
3224	-367.34	61297
3232	-366.12	61424
3240	-364.66	61550
3248	-364.38	61676
3256	-363.74	61803
3264	-362.25	61926
3272	-361.58	62051
3280	-360.91	62178
3288	-359.05	62304
3296	-357.98	62430
3304	-357.71	62556
3312	-357.37	62682
3320	-356.70	62808
3328	-355.48	62935
3336	-355.05	63058
3344	-353.65	63184
3352	-352.04	63310
3360	-351.33	63437
3368	-351.18	63563
3376	-350.63	63689
3384	-349.78	63816
3392	-348.68	63942
3400	-348.19	64068
3408	-347.10	64194
3416	-345.30	64317
3424	-344.81	64443
3432	-344.11	64569
3440	-342.89	64696
3448	-342.37	64820
3456	-341.49	64944
3464	-339.84	65070
3472	-338.77	65196
3480	-338.01	65321
3488	-336.03	65446
3496	-335.51	65570
3504	-334.93	65696
3512	-333.68	65823
3520	-332.83	65949
3528	-332.49	66075
3536	-331.58	66202
3544	-329.93	66327
3552	-328.56	66454
3560	-327.89	66580
3568	-327.61	66706
3576	-327.07	66833
3584	-326.24	66959
3592	-325.11	67085
3600	-324.54	67211
3608	-323.32	67337
3616	-321.58	67462
3624	-320.60	67588
3632	-320.05	67714
3640	-319.57	67841
3648	-318.44	67966
3656	-318.29	68090
3664	-317.77	68217
3672	-316.46	68343
3680	-314.93	68469
3688	-313.59	68595
3696	-313.29	68722
3704	-312.77	68848
3712	-311.79	68974
3720	-310.97	69101
3728	-310.42	69227
3736	-309.99	69353
3744	-308.83	69480
3752	-307.19	69606
3760	-306.00	69732
3768	-305.54	69858
3776	-305.30	69985
3784	-304.38	70111
3792	-302.98	70237
3800	-303.47	70362
3808	-302.83	70488
3816	-301.76	70614
3824	-300.18	70739
3832	-299.26	70865
3840	-298.65	70992
3848	-298.07	71118
3856	-297.13	71244
3864	-296.76	71370
3872	-296.36	71495
3880	-295.51	71621
3888	-294.38	71744
3896	-293.56	71871
3904	-291.82	71997
3912	-290.72	72121
3920	-290.33	72247
3928	-289.78	72374
3936	-289.02	72500
3944	-287.92	72626
3952	-288.22	72750
3960	-287.19	72877
3968	-286.06	73003
3976	-284.75	73128
3984	-284.05	73254
3992	-283.32	73378
4000	-282.19	73505
4008	-281.12	73631
4016	-281.18	73757
4024	-279.81	73883
4032	-279.02	74007
4040	-278.35	74134
4048	-277.61	74260
4056	-276.52	74386
4064	-275.08	74512
4072	-273.74	74639
4080	-273.68	74763
4088	-273.29	74890
