1.376147      -10.917431      -40.366970
1.284404      -11.100917      -40.275226
1.192661      -11.376148      -39.816513
1.376147      -11.009175      -41.009174
3.302752      -7.981651      -37.798164
12.018349      -10.000000      -21.926605
8.807340      -0.458716      -45.504589
5.504587      -4.128440      -42.844036
8.073395      -2.385321      -38.623855
2.201835      -8.899083      -42.201835
13.394496      -1.009174      -31.376148
21.834861      -10.733945      -16.697246
25.321102      -50.000000      -6.880734
17.706422      -26.513761      -10.275230
6.605504      -7.247706      -31.009174
0.825688      -14.495413      -51.009170
-4.220183      -28.073394      -40.642200
-3.853211      -33.119266      -44.770641
3.669725      -44.036697      -59.449542
23.853210      -57.064216      -69.266059
44.220180      -63.944953      -66.513755
57.155960      -62.752296      -60.091747
65.412841      -59.541286      -47.706420
63.853210      -62.110092      -41.651378
62.018348      -61.376148      -32.201835
43.302753      -47.339447      -9.174312
1.926606      -33.486236      -19.449541
-0.091743      -35.871559      -22.110090
21.926605      -39.633026      -6.880734
53.486240      -52.293579      -16.055046
66.238533      -54.036693      -55.045871
45.229358      -38.440368      -78.990821
15.963303      -34.862384      -73.486236
10.458716      -39.908256      -68.623855
-1.651376      -38.256881      -52.018348
-4.495413      -35.045871      -37.431190
-3.761468      -37.155960      -32.568805
-2.935780      -36.880733      -28.165138
-4.036697      -30.458715      -35.688072
-4.311927      -34.678901      -35.321102
-3.119266      -40.825687      -29.357797
-2.385321      -40.550457      -27.247705
-4.403670      -36.330272      -35.045871
-4.311927      -37.155960      -35.137615
-4.220183      -29.633028      -39.449542
-3.486238      -24.587156      -40.366970
-4.220183      -30.366971      -36.697246
-4.403670      -34.495414      -42.201835
-3.486238      -24.220184      -40.458713
-1.559633      -20.550458      -33.486236
-3.669725      -31.559635      -32.110092
-4.128440      -32.293579      -34.862384
2.844037      -20.183485      -23.761466
-0.733945      -25.688072      -26.330274
-2.110092      -26.146789      -29.174312
-3.761468      -40.275226      -32.568805
15.229358      -74.495407      -32.018348
44.495410      -77.614677      -33.669723
65.596328      -58.256881      -38.990825
69.633026      -43.669723      -38.899082
70.000000      -39.174312      -38.990825
66.146789      -14.128441      -44.678897
50.000000      -0.550459      -33.302749
23.944953      3.302752      -30.183485
46.238533      5.688074      -41.100917
70.183486      -35.871559      -39.816513
30.183485      -77.706420      -25.504585
7.339449      -63.577980      -22.935779
-3.394495      -39.449542      -30.275228
-0.917431      -22.385320      -28.348625
0.917431      -16.055046      -30.183485
-0.183486      -16.788990      -32.568805
-3.669725      -26.146789      -34.954128
-4.770642      -31.100917      -38.440368
-5.045871      -33.944953      -38.623855
-4.954128      -36.238533      -34.587158
-5.045871      -36.788990      -33.853210
-5.045871      -36.880733      -33.944953
-5.137615      -36.788990      -33.853210
-5.045871      -36.788990      -33.853210
-5.045871      -36.788990      -34.128440