88	-613.33	11549
96	-610.22	11672
104	-608.54	11793
112	-607.32	11916
120	-605.58	12040
128	-604.85	12164
136	-602.93	12286
144	-601.59	12407
152	-600.58	12527
160	-598.54	12647
168	-597.65	12768
176	-596.13	12888
184	-594.88	13007
192	-593.90	13128
200	-592.08	13248
208	-590.92	13369
216	-589.36	13489
224	-588.17	13608
232	-587.38	13727
240	-585.46	13847
248	-584.42	13967
256	-582.84	14088
264	-581.53	14208
272	-580.61	14327
280	-578.84	14451
288	-577.47	14572
296	-576.22	14695
304	-574.64	14815
312	-573.90	14939
320	-572.23	15058
328	-571.44	15182
336	-569.73	15302
344	-568.72	15426
352	-567.72	15546
360	-566.28	15670
368	-565.31	15791
376	-563.97	15913
384	-562.93	16033
392	-561.89	16157
400	-559.97	16277
408	-559.39	16401
416	-557.99	16522
424	-556.74	16645
432	-555.70	16765
440	-554.06	16888
448	-553.23	17012
456	-552.17	17136
464	-550.73	17259
472	-549.54	17383
480	-548.26	17507
488	-547.38	17630
496	-546.37	17754
504	-544.85	17878
512	-543.69	18000
520	-542.90	18124
528	-541.31	18248
536	-540.58	18368
544	-539.03	18492
552	-537.93	18612
560	-536.95	18736
568	-535.03	18855
576	-534.54	18979
584	-533.42	19099
592	-532.20	19223
600	-530.95	19343
608	-529.70	19467
616	-528.72	19587
624	-527.69	19710
632	-526.37	19834
640	-525.09	19957
648	-524.18	20081
656	-522.59	20205
664	-521.83	20325
672	-520.64	20449
680	-519.67	20572
688	-518.54	20696
696	-517.01	20819
704	-516.40	20942
712	-515.46	21066
720	-514.15	21190
728	-512.62	21313
736	-511.92	21437
744	-510.12	21564
752	-509.39	21691
760	-507.93	21818
768	-506.47	21945
776	-505.06	22072
784	-503.90	22198
792	-502.87	22325
800	-501.62	22452
808	-500.03	22579
816	-498.87	22706
824	-497.53	22833
832	-495.98	22960
840	-495.34	23087
848	-494.03	23214
856	-492.47	23341
864	-491.19	23468
872	-490.22	23595
880	-488.81	23721
888	-488.08	23848
896	-486.83	23975
904	-485.46	24102
912	-484.27	24229
920	-482.84	24356
928	-482.20	24483
936	-481.13	24610
944	-479.79	24737
952	-478.69	24864
960	-477.53	24991
968	-475.89	25118
976	-475.03	25245
984	-473.69	25372
992	-472.17	25499
1000	-470.83	25626
1008	-469.67	25753
1016	-467.93	25881
1024	-467.17	26008
1032	-466.01	26135
1040	-464.42	26262
1048	-463.11	26389
1056	-546.69	26810
1064	-546.30	26937
1072	-545.66	27064
1080	-544.28	27191
1088	-543.34	27318
1096	-542.55	27445
1104	-541.84	27572
1112	-541.26	27699
1120	-539.98	27826
1128	-539.19	27953
1136	-538.09	28080
1144	-537.45	28206
1152	-536.87	28333
1160	-535.99	28460
1168	-534.50	28587
1176	-533.89	28712
1184	-532.33	28840
1192	-532.18	28967
1200	-531.42	29093
1208	-529.95	29220
1216	-529.22	29347
1224	-7.00	29474
1232	-527.18	29602
1240	-526.02	29729
1248	-524.77	29855
1256	-523.67	29982
1264	-522.45	30109
1272	-522.00	30236
1280	-521.20	30363
1288	-519.86	30490
1296	-518.40	30616
1304	-517.12	30743
1312	0.98	29884
1320	1.04	30003
1328	0.95	30121
1336	0.92	30241
1344	1.07	30360
1352	1.04	30476
1360	1.01	30595
1368	0.67	30714
1376	-30.06	30833
1384	-35.61	30956
1392	-33.54	31080
1400	-35.94	31203
1408	-42.10	31326
1416	-37.86	31450
1424	-35.24	31572
1432	-10.91	31695
1440	0.67	31818
1448	1.34	31937
1456	0.98	32056
1464	1.01	32175
1472	0.79	32293
1480	1.01	32412
1488	0.85	32531
1496	0.98	32651
1504	1.10	32770
1512	0.89	32888
1520	0.98	33007
1528	0.95	33126
1536	0.82	33245
1544	0.92	33363
1552	0.98	33482
1560	1.10	33601
1568	0.95	33720
1576	1.07	33840
1584	0.92	33954
1592	0.95	34073
1600	1.16	34192
1608	0.89	34312
1616	1.01	34430
1624	0.92	34549
1632	0.89	34665
1640	1.04	34784
1648	1.04	34903
1656	0.95	35021
1664	0.98	35140
1672	1.04	35259
1680	0.92	35378
1688	1.01	35496
1696	1.04	35616
1704	0.98	35731
1712	1.04	35850
1720	0.89	35969
1728	0.70	36088
1736	0.98	36203
1744	0.95	36322
1752	0.92	36438
1760	0.98	36556
1768	1.31	36672
1776	1.04	36791
1784	1.01	36907
1792	1.04	37025
1800	0.95	37141
1808	0.85	37260
1816	1.01	37374
1824	1.01	37490
1832	0.89	37609
1840	0.98	37725
1848	1.28	37843
1856	1.13	37959
1864	1.10	38075
1872	1.16	38191
1880	0.98	38309
1888	1.01	38425
1896	1.16	38544
1904	0.98	38659
1912	1.01	38778
1920	1.04	38893
1928	1.07	39009
1936	0.92	39124
1944	1.22	39240
1952	0.89	39355
1960	1.25	39474
1968	1.01	39589
1976	0.70	39705
1984	0.95	39821
1992	1.16	39937
2000	0.76	40051
2008	0.95	40171
2016	1.34	40290
2024	0.95	40409
2032	1.22	40527
2040	0.82	40646
2048	0.92	40759
2056	0.92	40875
2064	0.95	40989
2072	0.95	41105
2080	1.01	41221
2088	1.22	41336
2096	1.04	41448
2104	0.79	41564
2112	0.95	41679
2120	0.92	41798
2128	1.13	41914
2136	0.76	42033
2144	0.95	42148
2152	1.10	42267
2160	1.10	42379
2168	1.07	42498
2176	0.98	42613
2184	0.95	42732
2192	1.01	42851
2200	0.92	42967
2208	1.10	43085
2216	0.92	43201
2224	1.07	43320
2232	1.13	43436
2240	0.89	43554
2248	1.31	43670
2256	1.16	43789
2264	0.98	43904
2272	1.07	44023
2280	0.76	44142
2288	1.01	44261
2296	0.92	44376
2304	0.98	44494
2312	1.01	44613
2320	0.98	44733
2328	0.89	44852
2336	1.65	44971
2344	1.25	45089
2352	1.31	45208
2360	1.07	45330
2368	1.04	45449
2376	1.19	45572
2384	0.85	45686
2392	0.95	45805
2400	0.95	45924
2408	1.10	46043
2416	0.92	46161
2424	0.89	46280
2432	1.04	46399
2440	1.25	46518
2448	1.16	46637
2456	1.01	46756
2464	0.95	46875
2472	0.79	46994
2480	0.89	47113
2488	0.85	47232
2496	0.89	47350
2504	0.95	47469
2512	1.01	47588
2520	1.28	47707
2528	0.73	47825
2536	1.13	47944
2544	1.10	48063
2552	0.89	48182
2560	1.01	48301
2568	0.76	48419
2576	1.22	48538
2584	0.98	48657
2592	1.07	48776
2600	0.82	48894
2608	1.16	49013
2616	0.67	49132
2624	0.95	49251
2632	1.16	49370
2640	0.98	49488
2648	1.28	49610
2656	1.13	49729
2664	0.82	49851
2672	0.92	49974
2680	0.98	50096
2688	1.07	50214
2696	1.07	50333
2704	1.13	50452
2712	0.95	50568
2720	0.89	50686
2728	1.01	50805
2736	0.95	50924
2744	1.01	51043
2752	0.79	51162
2760	1.10	51280
2768	0.98	51399
2776	0.85	51518
2784	0.85	51637
2792	1.10	51756
2800	0.98	51874
2808	0.92	51993
2816	0.98	52112
2824	1.16	52231
2832	1.01	52349
2840	1.19	52468
2848	0.89	52587
2856	1.07	52706
2864	1.01	52825
2872	0.95	52943
2880	0.98	53062
2888	0.85	53181
2896	0.98	53300
2904	1.13	53419
2912	1.01	53537
2920	1.04	53656
2928	0.70	53775
2936	1.25	53894
2944	1.07	54012
2952	1.01	54128
2960	1.10	54247
2968	1.13	54366
2976	0.82	54484
2984	1.19	54603
2992	1.04	54722
3000	1.10	54841
3008	0.82	54956
3016	-0.18	55074
3024	0.85	55197
3032	1.19	55316
3040	0.89	55436
3048	0.95	55555
3056	0.89	55674
3064	1.07	55793
3072	1.07	55912
3080	1.10	56029
3088	1.01	56147
3096	0.85	56266
3104	1.13	56386
3112	1.07	56505
3120	0.95	56625
3128	0.98	56743
3136	0.79	56863
3144	0.92	56982
3152	0.95	57101
3160	0.95	57221
3168	0.85	57339
3176	0.92	57459
3184	0.98	57578
3192	0.95	57698
3200	1.10	57817
3208	1.07	57935
3216	0.95	58055
3224	1.04	58174
3232	0.92	58294
3240	1.04	58413
3248	1.13	58532
3256	1.04	58648
3264	0.82	58767
3272	1.25	58887
3280	0.92	59005
3288	1.13	59124
3296	1.10	59244
3304	0.95	59360
3312	1.04	59479
3320	0.89	59598
3328	0.98	59717
3336	0.85	59837
3344	1.22	59956
3352	1.16	60076
3360	0.89	60194
3368	1.04	60313
3376	1.10	60433
3384	0.79	60552
3392	0.92	60672
3400	0.95	60790
3408	1.10	60910
3416	0.92	61029
3424	0.92	61149
3432	0.58	61267
3440	1.10	61386
3448	0.92	61502
3456	0.92	61622
3464	1.01	61741
3472	0.98	61860
3480	0.92	61979
3488	1.19	62098
3496	1.07	62217
3504	1.04	62337
3512	1.04	62455
3520	1.01	62574
3528	0.95	62694
3536	0.95	62813
3544	51.22	62932
3552	60.76	63055
3560	52.62	63179
3568	75.82	63302
3576	67.14	63425
3584	-0.67	63548
3592	1.22	63671
3600	1.25	63793
3608	0.70	63915
3616	0.89	64033
3624	0.76	64155
3632	0.95	64278
3640	0.76	64400
3648	0.06	64522
3656	0.49	64645
3664	0.95	64768
3672	0.73	64893
3680	1.59	65012
3688	1.10	65135
3696	0.89	65257
3704	1.19	65380
3712	1.07	65502
3720	0.73	65625
3728	1.34	65743
3736	1.13	65863
3744	0.95	65982
3752	0.95	67240
3760	0.95	67363
3768	0.95	67486
3776	0.95	67609
3784	0.95	67732
3792	0.95	67856
3800	0.95	67979
3808	0.95	68102
3816	0.95	68225
3824	0.95	68347
3832	0.95	68470
3840	0.95	68593
3848	0.95	68713
3856	0.95	68836
3864	0.95	68959
3872	0.95	69082
3880	0.95	69204
3888	0.95	69327
3896	0.95	69450
3904	0.95	69573
3912	0.95	69696
3920	0.95	69819
3928	1.13	69577
3936	1.19	69699
3944	1.40	69822
3952	1.28	69944
3960	1.34	70067
3968	1.25	70189
3976	1.22	70310
3984	1.16	70433
3992	0.98	70555
4000	1.25	70678
4008	1.83	70800
4016	1.04	70923
4024	1.37	71045
4032	1.07	71168
4040	1.10	71289
4048	1.16	71412
4056	1.13	71531
4064	1.19	71653
4072	1.10	71776
4080	1.10	71898
4088	1.40	72019
