136	-661.26	12284
144	-657.79	12408
152	-656.81	12528
160	-654.77	12652
168	-654.04	12771
176	-653.06	12894
184	-651.78	13014
192	-650.93	13134
200	-649.47	13254
208	-648.83	13381
216	-647.88	13504
224	-646.78	13631
232	-645.56	13755
240	-644.74	13881
248	-643.76	14005
256	-642.51	14132
264	-640.96	14255
272	-640.32	14381
280	-639.71	14504
288	-638.31	14631
296	-637.82	14754
304	-636.30	14881
312	-635.75	15004
320	-634.65	15130
328	-633.64	15254
336	-632.48	15381
344	-631.57	15508
352	-630.84	15635
360	-629.68	15762
368	-629.04	15889
376	-627.88	16016
384	-627.21	16143
392	-625.81	16270
400	-624.89	16397
408	-623.52	16524
416	-622.45	16651
424	-621.42	16778
432	-620.38	16905
440	-619.10	17032
448	-618.00	17159
456	-617.39	17286
464	-615.93	17413
472	-614.86	17540
480	-613.58	17668
488	-612.76	17795
496	-611.87	17922
504	-610.50	18049
512	-609.98	18176
520	-608.43	18302
528	-607.76	18429
536	-606.57	18556
544	-605.08	18683
552	-603.86	18810
560	-603.25	18937
568	-602.12	19064
576	-600.93	19191
584	-600.08	19318
592	-598.64	19445
600	-597.85	19572
608	-596.72	19699
616	-595.53	19826
624	-594.80	19953
632	-593.52	20080
640	-592.79	20207
648	-591.87	20334
656	-590.75	20461
664	-589.34	20588
672	-589.04	20715
680	-588.28	20842
688	-586.91	20969
696	-586.17	21096
704	-584.95	21223
712	-584.59	21350
720	-583.46	21477
728	-582.15	21604
736	-581.63	21731
744	-580.56	21858
752	-579.77	21985
760	-578.83	22112
768	-577.58	22239
776	-576.72	22366
784	-576.14	22493
792	-575.41	22620
800	-574.41	22747
808	-573.25	22874
816	-572.55	23001
824	-571.60	23128
832	-571.17	23255
840	-570.01	23382
848	-569.10	23508
856	-567.70	23635
864	-567.30	23762
872	-566.66	23889
880	-565.56	24016
888	-564.74	24143
896	-563.40	24270
904	-563.12	24397
912	-562.30	24524
920	-561.20	24651
928	-560.47	24778
936	-559.37	24905
944	-558.89	25032
952	-558.34	25159
960	-557.18	25286
968	-556.45	25413
976	-555.32	25540
984	-554.74	25667
992	-554.04	25794
1000	-552.91	25921
1008	-552.21	26048
1016	-551.33	26175
1024	-550.81	26302
1032	-550.05	26429
1040	-548.76	26556
1048	-547.76	26683
1056	-546.69	26810
1064	-546.30	26937
1072	-545.66	27064
1080	-544.28	27191
1088	-543.34	27318
1096	-542.55	27445
1104	-541.84	27572
1112	-541.26	27699
1120	-539.98	27826
1128	-539.19	27953
1136	-538.09	28080
1144	-537.45	28206
1152	-536.87	28333
1160	-535.99	28460
1168	-534.50	28587
1176	-533.89	28712
1184	-532.33	28840
1192	-532.18	28967
1200	-531.42	29093
1208	-529.95	29220
1216	-529.22	29347
1224	-7.00	29474
1232	-527.18	29602
1240	-526.02	29729
1248	-524.77	29855
1256	-523.67	29982
1264	-522.45	30109
1272	-522.00	30236
1280	-521.20	30363
1288	-519.86	30490
1296	-518.40	30616
1304	-517.12	30743
1312	0.98	29884
1320	1.04	30003
1328	0.95	30121
1336	0.92	30241
1344	1.07	30360
1352	1.04	30476
1360	1.01	30595
1368	0.67	30714
1376	-30.06	30833
1384	-35.61	30956
1392	-33.54	31080
1400	-35.94	31203
1408	-42.10	31326
1416	-37.86	31450
1424	-35.24	31572
1432	-10.91	31695
1440	0.67	31818
1448	1.34	31937
1456	0.98	32056
1464	1.01	32175
1472	0.79	32293
1480	1.01	32412
1488	0.85	32531
1496	0.98	32651
1504	1.10	32770
1512	0.89	32888
1520	0.98	33007
1528	0.95	33126
1536	0.82	33245
1544	0.92	33363
1552	0.98	33482
1560	1.10	33601
1568	0.95	33720
1576	1.07	33840
1584	0.92	33954
1592	0.95	34073
1600	1.16	34192
1608	0.89	34312
1616	1.01	34430
1624	0.92	34549
1632	0.89	34665
1640	1.04	34784
1648	1.04	34903
1656	0.95	35021
1664	0.98	35140
1672	1.04	35259
1680	0.92	35378
1688	1.01	35496
1696	1.04	35616
1704	0.98	35731
1712	1.04	35850
1720	0.89	35969
1728	0.70	36088
1736	0.98	36203
1744	0.95	36322
1752	0.92	36438
1760	0.98	36556
1768	1.31	36672
1776	1.04	36791
1784	1.01	36907
1792	1.04	37025
1800	0.95	37141
1808	0.85	37260
1816	1.01	37374
1824	1.01	37490
1832	0.89	37609
1840	0.98	37725
1848	1.28	37843
1856	1.13	37959
1864	1.10	38075
1872	1.16	38191
1880	0.98	38309
1888	1.01	38425
1896	1.16	38544
1904	0.98	38659
1912	1.01	38778
1920	1.04	38893
1928	1.07	39009
1936	0.92	39124
1944	1.22	39240
1952	0.89	39355
1960	1.25	39474
1968	1.01	39589
1976	0.70	39705
1984	0.95	39821
1992	1.16	39937
2000	0.76	40051
2008	0.95	40171
2016	1.34	40290
2024	0.95	40409
2032	1.22	40527
2040	0.82	40646
2048	0.92	40759
2056	0.92	40875
2064	0.95	40989
2072	0.95	41105
2080	1.01	41221
2088	1.22	41336
2096	1.04	41448
2104	0.79	41564
2112	0.95	41679
2120	0.92	41798
2128	1.13	41914
2136	0.76	42033
2144	0.95	42148
2152	1.10	42267
2160	1.10	42379
2168	1.07	42498
2176	0.98	42613
2184	0.95	42732
2192	1.01	42851
2200	0.92	42967
2208	1.10	43085
2216	0.92	43201
2224	1.07	43320
2232	1.13	43436
2240	0.89	43554
2248	1.31	43670
2256	1.16	43789
2264	0.98	43904
2272	1.07	44023
2280	0.76	44142
2288	1.01	44261
2296	0.92	44376
2304	0.98	44494
2312	1.01	44613
2320	0.98	44733
2328	0.89	44852
2336	1.65	44971
2344	1.25	45089
2352	1.31	45208
2360	1.07	45330
2368	1.04	45449
2376	1.19	45572
2384	0.85	45686
2392	0.95	45805
2400	0.95	45924
2408	1.10	46043
2416	0.92	46161
2424	0.89	46280
2432	1.04	46399
2440	1.25	46518
2448	1.16	46637
2456	1.01	46756
2464	0.95	46875
2472	0.79	46994
2480	0.89	47113
2488	0.85	47232
2496	0.89	47350
2504	0.95	47469
2512	1.01	47588
2520	1.28	47707
2528	0.73	47825
2536	1.13	47944
2544	1.10	48063
2552	0.89	48182
2560	1.01	48301
2568	0.76	48419
2576	1.22	48538
2584	0.98	48657
2592	1.07	48776
2600	0.82	48894
2608	1.16	49013
2616	0.67	49132
2624	0.95	49251
2632	1.16	49370
2640	0.98	49488
2648	1.28	49610
2656	1.13	49729
2664	0.82	49851
2672	0.92	49974
2680	0.98	50096
2688	1.07	50214
2696	1.07	50333
2704	1.13	50452
2712	0.95	50568
2720	0.89	50686
2728	1.01	50805
2736	0.95	50924
2744	1.01	51043
2752	0.79	51162
2760	1.10	51280
2768	0.98	51399
2776	0.85	51518
2784	0.85	51637
2792	1.10	51756
2800	0.98	51874
2808	0.92	51993
2816	0.98	52112
2824	1.16	52231
2832	1.01	52349
2840	1.19	52468
2848	0.89	52587
2856	1.07	52706
2864	1.01	52825
2872	0.95	52943
2880	0.98	53062
2888	0.85	53181
2896	0.98	53300
2904	1.13	53419
2912	1.01	53537
2920	1.04	53656
2928	0.70	53775
2936	1.25	53894
2944	1.07	54012
2952	1.01	54128
2960	1.10	54247
2968	1.13	54366
2976	0.82	54484
2984	1.19	54603
2992	1.04	54722
3000	1.10	54841
3008	0.82	54956
3016	-0.18	55074
3024	0.85	55197
3032	1.19	55316
3040	0.89	55436
3048	0.95	55555
3056	0.89	55674
3064	1.07	55793
3072	1.07	55912
3080	1.10	56029
3088	1.01	56147
3096	0.85	56266
3104	1.13	56386
3112	1.07	56505
3120	0.95	56625
3128	0.98	56743
3136	0.79	56863
3144	0.92	56982
3152	0.95	57101
3160	0.95	57221
3168	0.85	57339
3176	0.92	57459
3184	0.98	57578
3192	0.95	57698
3200	1.10	57817
3208	1.07	57935
3216	0.95	58055
3224	1.04	58174
3232	0.92	58294
3240	1.04	58413
3248	1.13	58532
3256	1.04	58648
3264	0.82	58767
3272	1.25	58887
3280	0.92	59005
3288	1.13	59124
3296	1.10	59244
3304	0.95	59360
3312	1.04	59479
3320	0.89	59598
3328	0.98	59717
3336	0.85	59837
3344	1.22	59956
3352	1.16	60076
3360	0.89	60194
3368	1.04	60313
3376	1.10	60433
3384	0.79	60552
3392	0.92	60672
3400	0.95	60790
3408	1.10	60910
3416	0.92	61029
3424	0.92	61149
3432	0.58	61267
3440	1.10	61386
3448	0.92	61502
3456	0.92	61622
3464	1.01	61741
3472	0.98	61860
3480	0.92	61979
3488	1.19	62098
3496	1.07	62217
3504	1.04	62337
3512	1.04	62455
3520	1.01	62574
3528	0.95	62694
3536	0.95	62813
3544	51.22	62932
3552	60.76	63055
3560	52.62	63179
3568	75.82	63302
3576	67.14	63425
3584	-0.67	63548
3592	1.22	63671
3600	1.25	63793
3608	0.70	63915
3616	0.89	64033
3624	0.76	64155
3632	0.95	64278
3640	0.76	64400
3648	0.06	64522
3656	0.49	64645
3664	0.95	64768
3672	0.73	64893
3680	1.59	65012
3688	1.10	65135
3696	0.89	65257
3704	1.19	65380
3712	1.07	65502
3720	0.73	65625
3728	1.34	65743
3736	1.13	65863
3744	0.95	65982
3752	0.95	67240
3760	0.95	67363
3768	0.95	67486
3776	0.95	67609
3784	0.95	67732
3792	0.95	67856
3800	0.95	67979
3808	0.95	68102
3816	0.95	68225
3824	0.95	68347
3832	0.95	68470
3840	0.95	68593
3848	0.95	68713
3856	0.95	68836
3864	0.95	68959
3872	0.95	69082
3880	0.95	69204
3888	0.95	69327
3896	0.95	69450
3904	0.95	69573
3912	0.95	69696
3920	0.95	69819
3928	1.13	69577
3936	1.19	69699
3944	1.40	69822
3952	1.28	69944
3960	1.34	70067
3968	1.25	70189
3976	1.22	70310
3984	1.16	70433
3992	0.98	70555
4000	1.25	70678
4008	1.83	70800
4016	1.04	70923
4024	1.37	71045
4032	1.07	71168
4040	1.10	71289
4048	1.16	71412
4056	1.13	71531
4064	1.19	71653
4072	1.10	71776
4080	1.10	71898
4088	1.40	72019
