72	-553.65	146352
80	-550.42	146479
88	-548.68	146606
96	-548.16	146733
104	-546.73	146860
112	-546.06	146988
120	-544.93	147115
128	-543.74	147241
136	-542.83	147367
144	-542.13	147491
152	-540.79	147618
160	-540.24	147745
168	-538.84	147872
176	-537.98	147999
184	-537.49	148126
192	-536.40	148253
200	-535.54	148381
208	-534.51	148508
216	-533.50	148635
224	-533.16	148762
232	-531.64	148889
240	-531.00	149016
248	-530.24	149143
256	-529.41	149270
264	-528.56	149397
272	-527.52	149524
280	-526.76	149651
288	-525.97	149778
296	-524.81	149905
304	-524.17	150032
312	-523.13	150159
320	-522.59	150284
328	-521.76	150411
336	-520.63	150538
344	-519.87	150665
352	-519.51	150792
360	-518.41	150919
368	-517.89	151046
376	-516.85	151173
384	-515.88	151300
392	-515.21	151427
400	-514.20	151554
408	-513.80	151681
416	-513.32	151808
424	-512.16	151931
432	-511.37	152058
440	-510.94	152185
448	-509.99	152307
456	-509.41	152434
464	-508.71	152561
472	-507.49	152688
480	-506.98	152815
488	-506.15	152942
496	-505.63	153069
504	-504.87	153196
512	-503.80	153323
520	-503.29	153450
528	-502.98	153577
536	-501.76	153704
544	-501.58	153831
552	-500.51	153958
560	-499.66	154085
568	-499.14	154212
576	-498.32	154339
584	-497.80	154466
592	-497.16	154594
600	-495.94	154721
608	-495.27	154847
616	-494.84	154974
624	-493.87	155101
632	-493.50	155229
640	-492.86	155356
648	-491.76	155483
656	-491.12	155610
664	-490.69	155737
672	-489.87	155864
680	-489.35	155991
688	-488.41	156118
696	-487.55	156244
704	-486.98	156371
712	-486.21	156498
720	-485.82	156625
728	-485.12	156752
736	-484.11	156879
744	-483.29	157006
752	-482.80	157133
760	-481.67	157260
768	-481.49	157387
776	-480.82	157514
784	-479.78	157641
792	-479.14	157768
800	-478.59	157895
808	-478.07	158022
816	-477.62	158149
824	-476.76	158276
832	-475.79	158403
840	-475.21	158530
848	-474.84	158657
856	-473.84	158784
864	-473.44	158911
872	-472.80	159038
880	-471.64	159165
888	-470.97	159292
896	-470.85	159419
904	-469.72	159546
912	-469.48	159674
920	-468.71	159801
928	-467.65	159928
936	-466.94	160054
944	-466.73	160181
952	-466.18	160307
960	-465.57	160434
968	-464.48	160561
976	-463.47	160688
984	-463.29	160815
992	-462.80	160942
1000	-461.79	161069
1008	-461.46	161196
1016	-460.48	161323
1024	-459.78	161449
1032	-459.20	161576
1040	-458.96	161703
1048	-458.10	161828
1056	-457.55	161955
1064	-456.61	162083
1072	-455.82	162209
1080	-455.15	162336
1088	-454.75	162463
1096	-453.93	162590
1104	-453.65	162718
1112	-452.86	162845
1120	-451.85	162971
1128	-451.27	163098
1136	-450.88	163225
1144	-450.12	163352
1152	-449.78	163480
1160	-449.29	163607
1168	-448.29	163732
1176	-447.49	163859
1184	-447.16	163986
1192	-446.21	164113
1200	-445.94	164240
1208	-445.48	164367
1216	-444.20	164494
1224	-443.59	164621
1232	-443.16	164748
1240	-442.43	164875
1248	-442.31	165002
1256	-441.82	165129
1264	-440.94	165253
1272	-440.09	165380
1280	-439.41	165507
1288	-439.05	165634
1296	-438.44	165761
1304	-438.16	165888
1312	-437.40	166014
1320	-436.27	166141
1328	-435.76	166268
1336	-435.33	166395
1344	-434.57	166522
1352	-434.35	166649
1360	-433.74	166776
1368	-432.77	166903
1376	-431.88	167030
1384	-431.49	167157
1392	-431.15	167284
1400	-430.36	167412
1408	-430.09	167539
1416	-429.32	167666
1424	-428.38	167793
1432	-427.74	167920
1440	-427.25	168047
1448	-426.58	168174
1456	-426.27	168301
1464	-426.15	168428
1472	-424.93	168555
1480	-424.35	168682
1488	-423.56	168809
1496	-423.35	168936
1504	-422.71	169063
1512	-422.25	169190
1520	-421.46	169317
1528	-420.69	169442
1536	-420.15	169569
1544	-419.44	169696
1552	-418.99	169823
1560	-418.68	169949
1568	-418.32	170076
1576	-417.46	170203
1584	-416.40	170330
1592	-415.88	170457
1600	-415.82	170584
1608	-414.90	170711
1616	-414.63	170838
1624	-414.05	170964
1632	-413.19	171091
1640	-412.37	171218
1648	-412.04	171345
1656	-411.76	171472
1664	-411.12	171599
1672	-410.66	171726
1680	-410.21	171853
1688	-409.11	171980
1696	-408.41	172107
1704	-407.95	172234
1712	-407.68	172361
1720	-406.94	172488
1728	-406.79	172615
1736	-406.18	172742
1744	-405.02	172869
1752	-404.44	172996
1760	-404.14	173123
1768	-403.50	173250
1776	-403.16	173375
1784	-402.68	173502
1792	-402.13	173629
1800	-401.30	173756
1808	-400.45	173883
1816	-400.21	174010
1824	-399.78	174137
1832	-399.48	174263
1840	-398.90	174390
1848	-398.16	174517
1856	-397.37	174644
1864	-396.67	174771
1872	-396.21	174898
1880	-395.66	175025
1888	-395.57	175152
1896	-394.99	175279
1904	-394.35	175406
1912	-393.65	175533
1920	-392.49	175660
1928	-392.25	175787
1936	-391.91	175913
1944	-391.46	176040
1952	-391.27	176167
1960	-390.54	176294
1968	-389.72	176421
1976	-388.96	176548
1984	-388.41	176675
1992	-388.32	176802
2000	-387.43	176929
2008	-387.19	177056
2016	-387.04	177183
2024	-385.60	177310
2032	-385.12	177437
2040	-384.51	177564
2048	-384.41	177691
2056	-383.53	177816
2064	-383.38	177943
2072	-383.04	178070
2080	-382.19	178198
2088	-381.24	178323
2096	-380.54	178450
2104	-380.51	178577
2112	-379.75	178704
2120	-379.78	178828
2128	-379.08	178955
2136	-378.53	179082
2144	-377.34	179209
2152	-376.91	179336
2160	-376.18	179463
2168	-376.30	179590
2176	-375.51	179717
2184	-375.57	179844
2192	-374.84	179971
2200	-373.77	180098
2208	-373.19	180225
2216	-372.65	180352
2224	-372.46	180478
2232	-371.73	180605
2240	-371.43	180732
2248	-371.12	180859
2256	-370.30	180986
2264	-369.51	181113
2272	-368.93	181240
2280	-368.35	181367
2288	-368.26	181494
2296	-367.74	181621
2304	-367.34	181748
2312	-366.98	181875
2320	-366.03	182002
2328	-365.18	182129
2336	-364.75	182256
2344	-364.41	182383
2352	-363.74	182510
2360	-363.77	182637
2368	-363.23	182765
2376	-362.52	182892
2384	-361.49	183018
2392	-360.76	183145
2400	-360.57	183272
2408	-360.18	183399
2416	-359.69	183526
2424	-359.38	183654
2432	-359.08	183781
2440	-358.35	183908
2448	-357.28	184035
2456	-356.64	184162
2464	-356.12	184285
2472	-356.06	184412
2480	-355.45	184539
2488	-355.36	184667
2496	-354.66	184793
2504	-353.77	184920
2512	-353.10	185047
2520	-352.59	185174
2528	-352.16	185300
2536	-351.94	185427
2544	-351.18	185554
2552	-350.94	185682
2560	-350.51	185809
2568	-349.48	185936
2576	-348.68	186063
2584	-348.13	186190
2592	-347.74	186317
2600	-347.68	186444
2608	-347.10	186571
2616	-346.64	186698
2624	-346.46	186825
2632	-345.54	186952
2640	-344.41	187079
2648	-344.11	187206
2656	-343.68	187333
2664	-343.65	187460
2672	-343.04	187585
2680	-342.86	187712
2688	-342.19	187839
2696	-341.43	187966
2704	-340.57	188098
2712	-339.90	188225
2720	-339.66	188352
2728	-339.17	188479
2736	-338.62	188605
2744	-338.68	188732
2752	-338.16	188859
2760	-337.52	188986
2768	-336.49	189111
2776	-335.76	189238
2784	-335.27	189365
2792	-335.15	189492
2800	-334.44	189619
2808	-334.44	189746
2816	-333.74	189873
2824	-333.41	190000
2832	-332.25	190127
2840	-331.73	190251
2848	-331.06	190377
2856	-330.76	190504
2864	-330.51	190631
2872	-330.27	190758
2880	-329.87	190885
2888	-329.60	191012
2896	-328.62	191139
2904	-327.71	191266
2912	-327.19	191393
2920	-326.70	191520
2928	-326.43	191647
2936	-325.88	191774
2944	-325.88	191901
2952	-325.48	192028
2960	-324.90	192155
2968	-323.87	192282
2976	-323.07	192409
2984	-322.59	192536
2992	-322.19	192663
3000	-322.19	192790
3008	-321.43	192917
3016	-321.30	193044
3024	-320.79	193171
3032	-320.30	193298
3040	-319.38	193425
3048	-318.56	193549
3056	-318.07	193676
3064	-317.89	193799
3072	-317.34	193926
3080	-317.22	194054
3088	-316.82	194181
3096	-316.58	194308
3104	-315.76	194435
3112	-314.66	194562
3120	-314.17	194689
3128	-313.65	194814
3136	-313.56	194941
3144	-312.92	195068
3152	-312.83	195196
3160	-312.25	195323
3168	-312.19	195450
3176	-311.21	195577
3184	-310.45	195704
3192	-309.60	195831
3200	-309.17	195958
3208	-309.08	196085
3216	-308.50	196212
3224	-308.35	196336
3232	-308.13	196463
3240	-307.68	196590
3248	-306.76	196717
3256	-305.88	196844
3264	-305.39	196971
3272	-304.87	197098
3280	-304.87	197225
3288	-304.26	197352
3296	-303.99	197477
3304	-303.74	197604
3312	-303.35	197731
3320	-302.77	197858
3328	-301.67	197985
3336	-301.06	198112
3344	-300.66	198239
3352	-300.45	198366
3360	-300.02	198493
3368	-299.48	198620
3376	-299.48	198747
3384	-299.05	198874
3392	-298.23	199001
3400	-297.55	199127
3408	-296.76	199252
3416	-296.12	199379
3424	-295.88	199506
3432	-295.66	199633
3440	-295.09	199760
3448	-295.09	199888
3456	-294.66	200015
3464	-294.26	200142
3472	-293.26	200269
3480	-292.46	200395
3488	-291.91	200522
3496	-291.46	200649
3504	-291.49	200776
3512	-290.66	200903
3520	-290.42	201028
3528	-290.54	201155
3536	-289.99	201282
3544	-289.35	201409
3552	-288.59	201536
3560	-287.98	201662
3568	-287.19	201789
3576	-286.85	201916
3584	-286.88	202043
3592	-286.15	202170
3600	-286.03	202297
3608	-285.76	202425
3616	-285.39	202552
3624	-284.78	202679
3632	-283.68	202805
3640	-282.98	202932
3648	-282.52	203059
3656	-282.31	203186
3664	-282.40	203313
3672	-281.58	203440
3680	-281.58	203567
3688	-281.27	203694
3696	-281.03	203821
3704	-280.09	203948
3712	-279.23	204075
3720	-278.68	204201
3728	-278.07	204328
3736	-277.77	204455
3744	-277.80	204582
3752	-277.07	204709
3760	-276.94	204836
3768	-276.49	204963
3776	-276.27	205090
3784	-275.42	205217
3792	-274.60	205344
3800	-274.14	205471
3808	-273.29	205598
3816	-273.53	205725
3824	-273.04	205852
3832	-272.37	205979
3840	-272.52	206106
3848	-272.10	206233
3856	-271.85	206360
3864	-271.34	206487
3872	-270.18	206614
3880	-269.26	206741
3888	-268.99	206868
3896	-268.71	206992
3904	-268.44	207119
3912	-268.01	207246
3920	-267.74	207373
3928	-267.71	207500
3936	-267.55	207627
3944	-266.85	207755
3952	-266.12	207882
3960	-265.18	208008
3968	-264.51	208135
3976	-264.02	208262
3984	-263.84	208389
3992	-263.71	208516
4000	-263.13	208643
4008	-263.01	208770
4016	-262.74	208898
4024	-262.37	209025
4032	-261.61	209152
4040	-260.69	209278
4048	-259.93	209405
4056	-259.60	209532
4064	-259.17	209658
4072	-259.08	209785
4080	-258.62	209912
4088	-258.19	210036
